5.740524530410766602e-01,6.171081066131591797e-01,5.381834506988525391e-01,1.196487784385681152e+00,8.188185095787048340e-01,-4.326384663581848145e-01,-3.773064315319061279e-01,-7.120013236999511719e-03,-5.551115123125782702e-17,6.572682261466979980e-01,-7.536567449569702148e-01,-1.776430010795593262e-02,0.000000000000000000e+00,0.000000000000000000e+00,0.000000000000000000e+00,1.000000000000000000e+00
-1.856800615787506104e-01,-7.800443768501281738e-01,5.975397229194641113e-01,1.198867917060852051e+00,1.383708864450454712e-01,5.812978744506835938e-01,8.018392920494079590e-01,2.393126487731933594e-04,-9.728187918663024902e-01,2.315676659345626831e-01,0.000000000000000000e+00,-2.081089653074741364e-02,0.000000000000000000e+00,0.000000000000000000e+00,0.000000000000000000e+00,1.000000000000000000e+00
-4.422737956047058105e-01,5.965640544891357422e-01,6.697053313255310059e-01,1.199255108833312988e+00,7.879192829132080078e-01,6.151582598686218262e-01,-2.763188816606998444e-02,2.044498920440673828e-03,-4.284589588642120361e-01,5.154528617858886719e-01,-7.421126961708068848e-01,-1.753304898738861084e-02,0.000000000000000000e+00,0.000000000000000000e+00,0.000000000000000000e+00,1.000000000000000000e+00
5.366142988204956055e-01,-4.222153425216674805e-01,-7.306020259857177734e-01,1.198840975761413574e+00,-5.741790533065795898e-01,4.517717957496643066e-01,-6.828035712242126465e-01,-7.560968399047851562e-03,6.183555126190185547e-01,7.858985066413879395e-01,1.776816778290609550e-16,-1.226088311523199081e-02,0.000000000000000000e+00,0.000000000000000000e+00,0.000000000000000000e+00,1.000000000000000000e+00
-3.239378929138183594e-01,8.004204034805297852e-01,-5.043722987174987793e-01,1.201806902885437012e+00,3.821048140525817871e-01,5.983929038047790527e-01,7.042171955108642578e-01,-2.351760864257812500e-03,8.654826283454895020e-01,3.539955615997314453e-02,-4.996866285800933838e-01,-1.754566654562950134e-02,0.000000000000000000e+00,0.000000000000000000e+00,0.000000000000000000e+00,1.000000000000000000e+00
5.841460824012756348e-01,-7.924751639366149902e-01,-1.753750741481781006e-01,1.200198769569396973e+00,-8.116485476493835449e-01,-5.703469514846801758e-01,-1.262180060148239136e-01,1.894235610961914062e-04,9.714451465470119729e-17,2.160726785659790039e-01,-9.763773083686828613e-01,-1.484741922467947006e-02,0.000000000000000000e+00,0.000000000000000000e+00,0.000000000000000000e+00,1.000000000000000000e+00
-4.656730592250823975e-01,6.981787085533142090e-01,5.437785387039184570e-01,1.200630068778991699e+00,8.118770122528076172e-01,9.253982454538345337e-02,5.764477849006652832e-01,-5.851626396179199219e-03,3.521424233913421631e-01,7.099174857139587402e-01,-6.099285483360290527e-01,-1.587956026196479797e-02,0.000000000000000000e+00,0.000000000000000000e+00,0.000000000000000000e+00,1.000000000000000000e+00
-1.209571361541748047e-01,-9.830858707427978516e-01,-1.375190764665603638e-01,1.199448466300964355e+00,-8.622305393218994141e-01,3.540658205747604370e-02,5.052770376205444336e-01,4.410743713378906250e-04,-4.918616414070129395e-01,1.796900033950805664e-01,-8.519293665885925293e-01,-1.859902963042259216e-02,0.000000000000000000e+00,0.000000000000000000e+00,0.000000000000000000e+00,1.000000000000000000e+00
8.450273275375366211e-01,6.124654039740562439e-02,5.312039852142333984e-01,1.200648427009582520e+00,3.227303922176361084e-01,-8.504965305328369141e-01,-4.153320789337158203e-01,3.617346286773681641e-03,4.263494908809661865e-01,5.224026441574096680e-01,-7.384589314460754395e-01,-1.035136636346578598e-02,0.000000000000000000e+00,0.000000000000000000e+00,0.000000000000000000e+00,1.000000000000000000e+00
3.959675133228302002e-02,-2.828738987445831299e-01,9.583394527435302734e-01,1.204648017883300781e+00,1.328532993793487549e-01,-9.490861296653747559e-01,-2.856318354606628418e-01,-1.216292381286621094e-03,9.903444647789001465e-01,1.386286467313766479e-01,-1.452530611480994690e-16,-1.315946038812398911e-02,0.000000000000000000e+00,0.000000000000000000e+00,0.000000000000000000e+00,1.000000000000000000e+00
-1.008948497474193573e-02,4.704827070236206055e-01,8.823515176773071289e-01,1.199625492095947266e+00,7.798367738723754883e-01,-5.486192107200622559e-01,3.014490306377410889e-01,2.511620521545410156e-03,6.259015798568725586e-01,6.911316514015197754e-01,-3.613644540309906006e-01,-1.334258448332548141e-02,0.000000000000000000e+00,0.000000000000000000e+00,0.000000000000000000e+00,1.000000000000000000e+00
-3.217597603797912598e-01,-8.444424271583557129e-01,-4.282378256320953369e-01,1.199277639389038086e+00,-9.468213319778442383e-01,2.869681715965270996e-01,1.455287188291549683e-01,-4.762291908264160156e-03,2.498001805406602216e-16,4.522899985313415527e-01,-8.918709158897399902e-01,-1.411655079573392868e-02,0.000000000000000000e+00,0.000000000000000000e+00,0.000000000000000000e+00,1.000000000000000000e+00
-9.266360998153686523e-01,-2.994263172149658203e-01,2.273529320955276489e-01,1.200321674346923828e+00,-4.259527474641799927e-02,6.844475269317626953e-01,7.278167605400085449e-01,-1.938104629516601562e-03,-3.735386431217193604e-01,6.647371649742126465e-01,-6.469879150390625000e-01,-1.396743860095739365e-02,0.000000000000000000e+00,0.000000000000000000e+00,0.000000000000000000e+00,1.000000000000000000e+00
2.664246559143066406e-01,-2.994263172149658203e-01,-9.161669015884399414e-01,1.200321674346923828e+00,-6.090101599693298340e-01,6.844475269317626953e-01,-4.007969796657562256e-01,-1.938104629516601562e-03,7.470772862434387207e-01,6.647371649742126465e-01,-4.469734629145819156e-16,-1.396743860095739365e-02,0.000000000000000000e+00,0.000000000000000000e+00,0.000000000000000000e+00,1.000000000000000000e+00
-1.026873067021369934e-01,-9.864079356193542480e-01,1.282756924629211426e-01,1.200892686843872070e+00,1.328201405704021454e-02,1.275862157344818115e-01,9.917385578155517578e-01,2.235770225524902344e-03,-9.946250319480895996e-01,1.035427227616310120e-01,0.000000000000000000e+00,-1.057677250355482101e-02,0.000000000000000000e+00,0.000000000000000000e+00,0.000000000000000000e+00,1.000000000000000000e+00
3.805659115314483643e-01,-2.018469721078872681e-01,-9.024562835693359375e-01,1.205561637878417969e+00,-5.522690415382385254e-01,-8.323555588722229004e-01,-4.672396928071975708e-02,-1.155734062194824219e-03,-7.417334318161010742e-01,5.161802768707275391e-01,-4.282400012016296387e-01,-1.586926728487014771e-02,0.000000000000000000e+00,0.000000000000000000e+00,0.000000000000000000e+00,1.000000000000000000e+00
6.565154194831848145e-01,7.430956363677978516e-01,-1.296011060476303101e-01,1.199782848358154297e+00,5.817802548408508301e-01,-6.081825494766235352e-01,-5.400423407554626465e-01,3.488063812255859375e-04,-4.801242351531982422e-01,2.791467607021331787e-01,-8.315995335578918457e-01,-1.543958391994237900e-02,0.000000000000000000e+00,0.000000000000000000e+00,0.000000000000000000e+00,1.000000000000000000e+00
1.880301982164382935e-01,-9.821532368659973145e-01,-4.429834894835948944e-03,1.199929594993591309e+00,-9.821632504463195801e-01,-1.880282759666442871e-01,-8.480694959871470928e-04,4.652142524719238281e-04,-2.591243192240355597e-16,4.510283470153808594e-03,-9.999898076057434082e-01,-1.688130199909210205e-02,0.000000000000000000e+00,0.000000000000000000e+00,0.000000000000000000e+00,1.000000000000000000e+00
4.907214045524597168e-01,7.636513710021972656e-01,4.195582270622253418e-01,1.199852228164672852e+00,7.176498174667358398e-01,-6.273130178451538086e-01,3.024187982082366943e-01,2.045035362243652344e-04,4.941368699073791504e-01,1.526925116777420044e-01,-8.558701872825622559e-01,-1.543928962200880051e-02,0.000000000000000000e+00,0.000000000000000000e+00,0.000000000000000000e+00,1.000000000000000000e+00
-2.993909120559692383e-01,7.826441526412963867e-01,5.457410216331481934e-01,1.202935934066772461e+00,1.949867308139801025e-01,-5.097189545631408691e-01,8.379539251327514648e-01,3.925740718841552734e-03,9.339942336082458496e-01,3.572880327701568604e-01,-4.681725800019889173e-16,-1.810190454125404358e-02,0.000000000000000000e+00,0.000000000000000000e+00,0.000000000000000000e+00,1.000000000000000000e+00
6.318711489439010620e-02,-9.979217648506164551e-01,1.263129431754350662e-02,1.200066566467285156e+00,7.981986855156719685e-04,-1.260604895651340485e-02,-9.999202489852905273e-01,-3.793239593505859375e-04,9.980013966560363770e-01,6.319215148687362671e-02,-1.225196629907495099e-16,-1.393833663314580917e-02,0.000000000000000000e+00,0.000000000000000000e+00,0.000000000000000000e+00,1.000000000000000000e+00
-1.282756924629211426e-01,-9.864079356193542480e-01,-1.026873067021369934e-01,1.200892686843872070e+00,-9.917385578155517578e-01,1.275862157344818115e-01,1.328201405704021454e-02,2.235770225524902344e-03,4.423544863740858091e-16,1.035427227616310120e-01,-9.946250319480895996e-01,-1.057677250355482101e-02,0.000000000000000000e+00,0.000000000000000000e+00,0.000000000000000000e+00,1.000000000000000000e+00
3.903693258762359619e-01,7.215286493301391602e-01,5.718463063240051270e-01,1.200388431549072266e+00,7.965367436408996582e-01,-5.761600732803344727e-01,1.832179129123687744e-01,2.127289772033691406e-04,4.616719782352447510e-01,3.839739263057708740e-01,-7.996392846107482910e-01,-1.697813719511032104e-02,0.000000000000000000e+00,0.000000000000000000e+00,0.000000000000000000e+00,1.000000000000000000e+00
-8.874925971031188965e-02,7.176138162612915039e-01,6.907633543014526367e-01,1.202956914901733398e+00,9.237840175628662109e-01,-2.000423669815063477e-01,3.265059292316436768e-01,-1.018524169921875000e-03,3.724870979785919189e-01,6.670932769775390625e-01,-6.451665759086608887e-01,-1.969249173998832703e-02,0.000000000000000000e+00,0.000000000000000000e+00,0.000000000000000000e+00,1.000000000000000000e+00
-7.782492637634277344e-01,2.627183794975280762e-01,5.703570842742919922e-01,1.196944236755371094e+00,4.226809740066528320e-01,8.908730149269104004e-01,1.663912385702133179e-01,1.161098480224609375e-04,-4.644016921520233154e-01,3.705729246139526367e-01,-8.043673038482666016e-01,-1.448237057775259018e-02,0.000000000000000000e+00,0.000000000000000000e+00,0.000000000000000000e+00,1.000000000000000000e+00
-7.821539789438247681e-02,-4.884577393531799316e-01,8.690750002861022949e-01,1.197262883186340332e+00,1.374120712280273438e-01,8.581429123878479004e-01,4.946803152561187744e-01,-1.865148544311523438e-03,-9.874210357666015625e-01,1.581130176782608032e-01,0.000000000000000000e+00,-1.457423996180295944e-02,0.000000000000000000e+00,0.000000000000000000e+00,0.000000000000000000e+00,1.000000000000000000e+00
4.239084422588348389e-01,8.655109405517578125e-01,2.668192088603973389e-01,1.200139164924621582e+00,7.552639245986938477e-01,-5.004030466079711914e-01,4.232886135578155518e-01,3.437995910644531250e-04,4.998780786991119385e-01,2.208330109715461731e-02,-8.658142089843750000e-01,-2.244200557470321655e-02,0.000000000000000000e+00,0.000000000000000000e+00,0.000000000000000000e+00,1.000000000000000000e+00
2.432800084352493286e-01,7.594631910324096680e-01,6.033494472503662109e-01,1.200906038284301758e+00,8.918604254722595215e-01,6.938990205526351929e-02,-4.469563961029052734e-01,-5.198717117309570312e-04,-3.813132643699645996e-01,6.468390226364135742e-01,-6.604539752006530762e-01,-1.713050156831741333e-02,0.000000000000000000e+00,0.000000000000000000e+00,0.000000000000000000e+00,1.000000000000000000e+00
-3.438640832901000977e-01,-8.691858053207397461e-01,3.553499281406402588e-01,1.198078155517578125e+00,-3.818548619747161865e-01,4.751580953598022461e-01,7.927241921424865723e-01,-1.831889152526855469e-03,-8.578720092773437500e-01,1.368972808122634888e-01,-4.952926337718963623e-01,-2.127123624086380005e-02,0.000000000000000000e+00,0.000000000000000000e+00,0.000000000000000000e+00,1.000000000000000000e+00
-8.861056715250015259e-02,4.037796854972839355e-01,-9.105548262596130371e-01,1.201479911804199219e+00,-1.951791644096374512e-01,8.893903493881225586e-01,4.133882820606231689e-01,-2.053499221801757812e-03,9.767565131187438965e-01,2.143519073724746704e-01,2.617208987238436174e-16,-1.023059990257024765e-02,0.000000000000000000e+00,0.000000000000000000e+00,0.000000000000000000e+00,1.000000000000000000e+00
5.415920615196228027e-01,-7.155519723892211914e-01,-4.412067532539367676e-01,1.198135018348693848e+00,-2.662721276283264160e-01,3.517990410327911377e-01,-8.974055051803588867e-01,-6.619930267333984375e-03,7.973563671112060547e-01,6.035087704658508301e-01,2.682763249306610630e-16,-1.462103333324193954e-02,0.000000000000000000e+00,0.000000000000000000e+00,0.000000000000000000e+00,1.000000000000000000e+00
3.965099155902862549e-01,-7.839724421501159668e-01,4.776683449745178223e-01,1.202399373054504395e+00,2.155851721763610840e-01,-4.262512028217315674e-01,-8.785402178764343262e-01,-1.188755035400390625e-03,8.923580646514892578e-01,4.513281285762786865e-01,-1.226832197589083949e-16,-1.330533158034086227e-02,0.000000000000000000e+00,0.000000000000000000e+00,0.000000000000000000e+00,1.000000000000000000e+00
4.544504880905151367e-01,8.862722516059875488e-01,8.942166715860366821e-02,1.200770497322082520e+00,8.907719850540161133e-01,-4.521548151969909668e-01,-4.562078788876533508e-02,3.000557422637939453e-03,-2.289834988289385365e-16,1.003867089748382568e-01,-9.949485063552856445e-01,-1.362063642591238022e-02,0.000000000000000000e+00,0.000000000000000000e+00,0.000000000000000000e+00,1.000000000000000000e+00
-6.462530046701431274e-02,1.176787018775939941e-01,-9.909466505050659180e-01,1.202702403068542480e+00,-4.770004153251647949e-01,8.685884475708007812e-01,1.342561244964599609e-01,-2.021312713623046875e-03,8.765239119529724121e-01,4.813582897186279297e-01,2.730389529650555785e-16,-1.388114225119352341e-02,0.000000000000000000e+00,0.000000000000000000e+00,0.000000000000000000e+00,1.000000000000000000e+00
-4.257473349571228027e-01,-4.732004404067993164e-01,7.712461352348327637e-01,1.199706435203552246e+00,5.158473849296569824e-01,5.733428597450256348e-01,6.365370750427246094e-01,4.178285598754882812e-03,-7.433980703353881836e-01,6.688492298126220703e-01,0.000000000000000000e+00,-2.001534588634967804e-02,0.000000000000000000e+00,0.000000000000000000e+00,0.000000000000000000e+00,1.000000000000000000e+00
2.772894203662872314e-01,5.338858962059020996e-01,-7.987968325614929199e-01,1.199615001678466797e+00,-3.681808710098266602e-01,-7.088859081268310547e-01,-6.016008853912353516e-01,8.842349052429199219e-04,-8.874420523643493652e-01,4.609192609786987305e-01,0.000000000000000000e+00,-1.454187091439962387e-02,0.000000000000000000e+00,0.000000000000000000e+00,0.000000000000000000e+00,1.000000000000000000e+00
9.989328384399414062e-01,-4.583339020609855652e-02,-5.704278592020273209e-03,1.205019950866699219e+00,-4.618699476122856140e-02,-9.912850856781005859e-01,-1.233721971511840820e-01,-3.371238708496093750e-04,-1.899522206194603768e-16,1.235039979219436646e-01,-9.923440814018249512e-01,-1.587625965476036072e-02,0.000000000000000000e+00,0.000000000000000000e+00,0.000000000000000000e+00,1.000000000000000000e+00
-1.770404130220413208e-01,-9.837424755096435547e-01,-3.012459911406040192e-02,1.199751853942871094e+00,-8.497084975242614746e-01,1.373303532600402832e-01,5.090539455413818359e-01,4.220008850097656250e-03,-4.966409206390380859e-01,1.157202422618865967e-01,-8.602073192596435547e-01,-2.267240732908248901e-02,0.000000000000000000e+00,0.000000000000000000e+00,0.000000000000000000e+00,1.000000000000000000e+00
-8.862240314483642578e-01,-1.033811718225479126e-01,4.515742957592010498e-01,1.195170640945434570e+00,1.230601370334625244e-01,8.872233033180236816e-01,4.446245729923248291e-01,-5.282163619995117188e-04,-4.466130435466766357e-01,4.496077597141265869e-01,-7.735564708709716797e-01,-1.626872643828392029e-02,0.000000000000000000e+00,0.000000000000000000e+00,0.000000000000000000e+00,1.000000000000000000e+00
-4.636611416935920715e-02,9.675886631011962891e-01,2.482384741306304932e-01,1.200321078300476074e+00,8.730013370513916016e-01,-8.153150230646133423e-02,4.808546900749206543e-01,-3.958940505981445312e-04,4.855087995529174805e-01,2.390078902244567871e-01,-8.409259319305419922e-01,-1.627074182033538818e-02,0.000000000000000000e+00,0.000000000000000000e+00,0.000000000000000000e+00,1.000000000000000000e+00
8.702331781387329102e-01,3.280299901962280273e-01,-3.675465583801269531e-01,1.205161571502685547e+00,1.443209648132324219e-01,-8.830961585044860840e-01,-4.464444518089294434e-01,3.517866134643554688e-03,-4.710261225700378418e-01,3.354661166667938232e-01,-8.158411979675292969e-01,-1.192383002489805222e-02,0.000000000000000000e+00,0.000000000000000000e+00,0.000000000000000000e+00,1.000000000000000000e+00
-8.641057610511779785e-01,-2.020154297351837158e-01,4.609891474246978760e-01,1.198329448699951172e+00,-9.875136613845825195e-02,9.661611318588256836e-01,2.382872402667999268e-01,-7.174015045166015625e-04,-4.935275018215179443e-01,1.603820770978927612e-01,-8.548147082328796387e-01,-1.420637499541044235e-02,0.000000000000000000e+00,0.000000000000000000e+00,0.000000000000000000e+00,1.000000000000000000e+00
4.820110797882080078e-01,-2.255319356918334961e-01,-8.466408252716064453e-01,1.201742768287658691e+00,-1.348180919885635376e-01,-9.738863110542297363e-01,1.826732754707336426e-01,-6.331205368041992188e-04,-8.657305836677551270e-01,2.609196491539478302e-02,-4.998297691345214844e-01,-1.424691732972860336e-02,0.000000000000000000e+00,0.000000000000000000e+00,0.000000000000000000e+00,1.000000000000000000e+00
1.795735806226730347e-01,-9.830858707427978516e-01,-3.599242120981216431e-02,1.199448466300964355e+00,-6.467478349804878235e-03,3.540658205747604370e-02,-9.993520379066467285e-01,4.410743713378906250e-04,9.837232828140258789e-01,1.796900033950805664e-01,3.153625688311723985e-16,-1.859902963042259216e-02,0.000000000000000000e+00,0.000000000000000000e+00,0.000000000000000000e+00,1.000000000000000000e+00
-4.602701365947723389e-01,6.355631351470947266e-01,6.198474764823913574e-01,1.200155496597290039e+00,8.877789378166198730e-01,3.295085430145263672e-01,3.213607370853424072e-01,-5.001068115234375000e-03,-1.387778780781445676e-16,6.982002854347229004e-01,-7.159025073051452637e-01,-1.395198609679937363e-02,0.000000000000000000e+00,0.000000000000000000e+00,0.000000000000000000e+00,1.000000000000000000e+00
-3.766438663005828857e-01,-3.032657802104949951e-01,8.753109574317932129e-01,1.195194363594055176e+00,6.817771792411804199e-01,5.489527583122253418e-01,4.835605025291442871e-01,-3.877043724060058594e-03,-6.271517276763916016e-01,7.788971066474914551e-01,0.000000000000000000e+00,-1.471032854169607162e-02,0.000000000000000000e+00,0.000000000000000000e+00,0.000000000000000000e+00,1.000000000000000000e+00
3.814446330070495605e-01,-8.082447052001953125e-01,-4.485983252525329590e-01,1.200129985809326172e+00,-5.870357751846313477e-01,1.630718857049942017e-01,-7.929669022560119629e-01,-3.500580787658691406e-03,7.140651345252990723e-01,5.658162236213684082e-01,-4.122656881809234619e-01,-1.505237724632024765e-02,0.000000000000000000e+00,0.000000000000000000e+00,0.000000000000000000e+00,1.000000000000000000e+00
-2.017129585146903992e-02,-8.773840069770812988e-01,-4.793646037578582764e-01,1.202626466751098633e+00,-5.429565310478210449e-01,4.122124016284942627e-01,-7.316277623176574707e-01,3.527045249938964844e-03,8.395184874534606934e-01,2.455162554979324341e-01,-4.846962392330169678e-01,-1.197191607207059860e-02,0.000000000000000000e+00,0.000000000000000000e+00,0.000000000000000000e+00,1.000000000000000000e+00
-6.623575687408447266e-01,-7.149266600608825684e-01,2.239693105220794678e-01,1.195150613784790039e+00,-5.658307671546936035e-01,6.733138561248779297e-01,4.759033024311065674e-01,-4.421949386596679688e-03,-4.910376071929931641e-01,1.884894222021102905e-01,-8.505020737648010254e-01,-1.902270875871181488e-02,0.000000000000000000e+00,0.000000000000000000e+00,0.000000000000000000e+00,1.000000000000000000e+00
-3.333260715007781982e-01,4.464811980724334717e-01,-8.303904533386230469e-01,1.204640626907348633e+00,-4.967691004276275635e-01,6.654086709022521973e-01,5.571819543838500977e-01,-5.384683609008789062e-04,8.013202548027038574e-01,5.982356071472167969e-01,4.789962714044697866e-17,-1.901235245168209076e-02,0.000000000000000000e+00,0.000000000000000000e+00,0.000000000000000000e+00,1.000000000000000000e+00
-1.265263557434082031e-01,4.464811980724334717e-01,8.858022689819335938e-01,1.204640626907348633e+00,7.088056802749633789e-01,6.654086709022521973e-01,-2.341491729021072388e-01,-5.384683609008789062e-04,-6.939637064933776855e-01,5.982356071472167969e-01,-4.006601274013519287e-01,-1.901235245168209076e-02,0.000000000000000000e+00,0.000000000000000000e+00,0.000000000000000000e+00,1.000000000000000000e+00
1.264792382717132568e-01,-8.581215143203735352e-01,-4.976247847080230713e-01,1.200270771980285645e+00,-5.032427906990051270e-01,-4.878118336200714111e-01,7.132925987243652344e-01,-5.801916122436523438e-04,-8.548390269279479980e-01,1.602093726396560669e-01,-4.935415387153625488e-01,-1.719716191291809082e-02,0.000000000000000000e+00,0.000000000000000000e+00,0.000000000000000000e+00,1.000000000000000000e+00
2.162604182958602905e-01,7.058519721031188965e-01,-6.745401620864868164e-01,1.201508641242980957e+00,-1.976006478071212769e-01,-6.449484229087829590e-01,-7.382381558418273926e-01,9.229183197021484375e-04,-9.561304450035095215e-01,2.929412722587585449e-01,0.000000000000000000e+00,-1.842437312006950378e-02,0.000000000000000000e+00,0.000000000000000000e+00,0.000000000000000000e+00,1.000000000000000000e+00
-4.767041802406311035e-01,-5.079304575920104980e-01,-7.174676060676574707e-01,1.194734096527099609e+00,-4.909902513027191162e-01,-5.231522917747497559e-01,6.965918540954589844e-01,1.870930194854736328e-03,-7.291650772094726562e-01,6.843378543853759766e-01,0.000000000000000000e+00,-1.854136958718299866e-02,0.000000000000000000e+00,0.000000000000000000e+00,0.000000000000000000e+00,1.000000000000000000e+00
9.750900864601135254e-01,2.117428034543991089e-01,6.606266647577285767e-02,1.197969317436218262e+00,2.218091189861297607e-01,-9.308377504348754883e-01,-2.904165983200073242e-01,-3.240108489990234375e-04,-1.942890293094023946e-16,2.978356480598449707e-01,-9.546171426773071289e-01,-1.553506311029195786e-02,0.000000000000000000e+00,0.000000000000000000e+00,0.000000000000000000e+00,1.000000000000000000e+00
7.922135591506958008e-01,3.599185347557067871e-01,4.928045272827148438e-01,1.206105828285217285e+00,3.524208068847656250e-01,-9.291111826896667480e-01,1.120358258485794067e-01,2.173662185668945312e-03,4.981939494609832764e-01,8.491827547550201416e-02,-8.628972768783569336e-01,-1.836560294032096863e-02,0.000000000000000000e+00,0.000000000000000000e+00,0.000000000000000000e+00,1.000000000000000000e+00
-2.441456466913223267e-01,-8.253213763236999512e-01,-5.091537237167358398e-01,1.199983000755310059e+00,-8.502138257026672363e-01,4.346974492073059082e-01,-2.969419658184051514e-01,1.762807369232177734e-03,4.664003849029541016e-01,3.603924512863159180e-01,-8.078291416168212891e-01,-1.747557893395423889e-02,0.000000000000000000e+00,0.000000000000000000e+00,0.000000000000000000e+00,1.000000000000000000e+00
-8.415037393569946289e-02,-4.172264337539672852e-01,-9.048982262611389160e-01,1.203094363212585449e+00,-7.632532715797424316e-01,6.107969880104064941e-01,-2.106453478336334229e-01,3.759264945983886719e-04,6.405959129333496094e-01,6.729406714439392090e-01,-3.698482215404510498e-01,-1.441635098308324814e-02,0.000000000000000000e+00,0.000000000000000000e+00,0.000000000000000000e+00,1.000000000000000000e+00
-4.404383003711700439e-01,-7.658831477165222168e-01,4.684410989284515381e-01,1.199313163757324219e+00,2.335264682769775391e-01,4.060818254947662354e-01,8.834947347640991211e-01,-3.999233245849609375e-03,-8.668791651725769043e-01,4.985183179378509521e-01,0.000000000000000000e+00,-1.400623377412557602e-02,0.000000000000000000e+00,0.000000000000000000e+00,0.000000000000000000e+00,1.000000000000000000e+00
1.054013669490814209e-01,9.059012532234191895e-01,4.101627171039581299e-01,1.202185869216918945e+00,5.005420446395874023e-01,-4.047310054302215576e-01,7.652780413627624512e-01,5.243659019470214844e-03,8.592718839645385742e-01,1.246423274278640747e-01,-4.961008727550506592e-01,-1.559406053274869919e-02,0.000000000000000000e+00,0.000000000000000000e+00,0.000000000000000000e+00,1.000000000000000000e+00
6.773589551448822021e-02,6.919677555561065674e-02,9.953007698059082031e-01,1.202159047126770020e+00,6.962358951568603516e-01,7.112518548965454102e-01,-9.683153033256530762e-02,-2.565383911132812500e-04,-7.146099805831909180e-01,6.995231509208679199e-01,0.000000000000000000e+00,-1.580719649791717529e-02,0.000000000000000000e+00,0.000000000000000000e+00,0.000000000000000000e+00,1.000000000000000000e+00
-9.835753440856933594e-01,1.804640740156173706e-01,3.508669091388583183e-03,1.206353306770324707e+00,1.804981827735900879e-01,9.833894968032836914e-01,1.911952905356884003e-02,-1.707196235656738281e-03,1.383441972091503658e-16,1.943880505859851837e-02,-9.998110532760620117e-01,-1.440970506519079208e-02,0.000000000000000000e+00,0.000000000000000000e+00,0.000000000000000000e+00,1.000000000000000000e+00
3.642005622386932373e-01,1.495120525360107422e-01,9.192410707473754883e-01,1.205527544021606445e+00,6.919777989387512207e-01,-7.040448188781738281e-01,-1.596485525369644165e-01,-7.797479629516601562e-04,6.233174800872802734e-01,6.942384839057922363e-01,-3.598725199699401855e-01,-1.803166046738624573e-02,0.000000000000000000e+00,0.000000000000000000e+00,0.000000000000000000e+00,1.000000000000000000e+00
8.191509246826171875e-01,1.198642998933792114e-01,5.609138607978820801e-01,1.202253222465515137e+00,3.885015547275543213e-01,-8.353836536407470703e-01,-3.888453245162963867e-01,-2.819180488586425781e-03,4.219695925712585449e-01,5.364388823509216309e-01,-7.308727502822875977e-01,-2.048541046679019928e-02,0.000000000000000000e+00,0.000000000000000000e+00,0.000000000000000000e+00,1.000000000000000000e+00
4.439523220062255859e-01,-7.924751639366149902e-01,4.181978106498718262e-01,1.200198769569396973e+00,-2.965162694454193115e-01,-5.703469514846801758e-01,-7.660172581672668457e-01,1.894235610961914062e-04,8.455675244331359863e-01,2.160726785659790039e-01,-4.881886541843414307e-01,-1.484741922467947006e-02,0.000000000000000000e+00,0.000000000000000000e+00,0.000000000000000000e+00,1.000000000000000000e+00
8.630400896072387695e-01,-1.043165028095245361e-01,4.942468106746673584e-01,1.202227711677551270e+00,-7.376520335674285889e-02,-9.939819574356079102e-01,-8.098464459180831909e-02,-1.666545867919921875e-04,4.997204542160034180e-01,3.343477845191955566e-02,-8.655412197113037109e-01,-1.070970576256513596e-02,0.000000000000000000e+00,0.000000000000000000e+00,0.000000000000000000e+00,1.000000000000000000e+00
-1.179874017834663391e-01,7.636513710021972656e-01,6.347563266754150391e-01,1.199852228164672852e+00,9.692253917455673218e-02,-6.273130178451538086e-01,7.727124094963073730e-01,2.045035362243652344e-04,9.882737398147583008e-01,1.526925116777420044e-01,-5.968420198271598680e-16,-1.543928962200880051e-02,0.000000000000000000e+00,0.000000000000000000e+00,0.000000000000000000e+00,1.000000000000000000e+00
-5.760796070098876953e-01,4.088358879089355469e-01,7.078033089637756348e-01,1.199904203414916992e+00,7.175765037536621094e-01,6.676214337348937988e-01,1.984075903892517090e-01,5.233883857727050781e-04,-3.914285302162170410e-01,6.222015619277954102e-01,-6.779741048812866211e-01,-1.670569181442260742e-02,0.000000000000000000e+00,0.000000000000000000e+00,0.000000000000000000e+00,1.000000000000000000e+00
-4.931011795997619629e-01,9.604373946785926819e-03,8.699189424514770508e-01,1.198364734649658203e+00,5.572117567062377930e-01,7.714031338691711426e-01,3.073308467864990234e-01,6.406307220458984375e-04,-6.681064963340759277e-01,6.362742781639099121e-01,-3.857314586639404297e-01,-1.654635742306709290e-02,0.000000000000000000e+00,0.000000000000000000e+00,0.000000000000000000e+00,1.000000000000000000e+00
1.655786335468292236e-01,-6.179765462875366211e-01,-7.685627341270446777e-01,1.201203584671020508e+00,-5.670181512832641602e-01,-6.972831487655639648e-01,4.385049641132354736e-01,-2.111911773681640625e-03,-8.068916797637939453e-01,3.631819486618041992e-01,-4.658591151237487793e-01,-1.844824850559234619e-02,0.000000000000000000e+00,0.000000000000000000e+00,0.000000000000000000e+00,1.000000000000000000e+00
-1.640556566417217255e-02,-9.495778083801269531e-01,-3.131019175052642822e-01,1.199320077896118164e+00,-9.998654127120971680e-01,1.558045763522386551e-02,5.137305241078138351e-03,2.165734767913818359e-03,-4.857225732735059864e-17,3.131440579891204834e-01,-9.497056603431701660e-01,-1.838188618421554565e-02,0.000000000000000000e+00,0.000000000000000000e+00,0.000000000000000000e+00,1.000000000000000000e+00
-2.633378803730010986e-01,3.792657554149627686e-01,8.870234489440917969e-01,1.193341374397277832e+00,6.030248999595642090e-01,7.824169993400573730e-01,-1.555141061544418335e-01,2.071201801300048828e-03,-7.530034184455871582e-01,4.939444661140441895e-01,-4.347467124462127686e-01,-1.488385256379842758e-02,0.000000000000000000e+00,0.000000000000000000e+00,0.000000000000000000e+00,1.000000000000000000e+00
3.998883366584777832e-01,8.344059586524963379e-01,3.792834877967834473e-01,1.199944972991943359e+00,9.165638685226440430e-01,-3.640436232089996338e-01,-1.654778867959976196e-01,9.444355964660644531e-04,-1.942890293094023946e-16,4.138102233409881592e-01,-9.103631377220153809e-01,-1.462436001747846603e-02,0.000000000000000000e+00,0.000000000000000000e+00,0.000000000000000000e+00,1.000000000000000000e+00
3.645664155483245850e-01,-8.742558360099792480e-01,-3.205745220184326172e-01,1.197834134101867676e+00,-1.233824193477630615e-01,2.958796918392181396e-01,-9.472233057022094727e-01,-2.666592597961425781e-03,9.229670166969299316e-01,3.848790526390075684e-01,-5.131157246668284662e-16,-1.838286221027374268e-02,0.000000000000000000e+00,0.000000000000000000e+00,0.000000000000000000e+00,1.000000000000000000e+00
1.763389259576797485e-01,-9.233111143112182617e-01,-3.411761224269866943e-01,1.200511574745178223e+00,-4.681725502014160156e-01,-3.835648000240325928e-01,7.960480451583862305e-01,-6.990432739257812500e-04,-8.658632040023803711e-01,1.935504190623760223e-02,-4.999063313007354736e-01,-2.321194857358932495e-02,0.000000000000000000e+00,0.000000000000000000e+00,0.000000000000000000e+00,1.000000000000000000e+00
-5.497009754180908203e-01,-4.924517273902893066e-01,-6.747741103172302246e-01,1.200279951095581055e+00,-5.025904774665832520e-01,-4.502476155757904053e-01,7.380242943763732910e-01,1.791298389434814453e-03,-6.672567725181579590e-01,7.448277473449707031e-01,0.000000000000000000e+00,-1.487599220126867294e-02,0.000000000000000000e+00,0.000000000000000000e+00,0.000000000000000000e+00,1.000000000000000000e+00
-3.662427067756652832e-01,-8.064625859260559082e-01,-4.642029404640197754e-01,1.196087956428527832e+00,-9.305193424224853516e-01,3.174152374267578125e-01,1.827054172754287720e-01,-4.449486732482910156e-03,-1.110223024625156540e-16,4.988643527030944824e-01,-8.666800856590270996e-01,-1.910557784140110016e-02,0.000000000000000000e+00,0.000000000000000000e+00,0.000000000000000000e+00,1.000000000000000000e+00
2.363035678863525391e-01,-9.249492287635803223e-01,-2.977070808410644531e-01,1.198566675186157227e+00,-8.541721105575561523e-01,-5.168467387557029724e-02,-5.174154043197631836e-01,2.761781215667724609e-03,4.631960690021514893e-01,3.765601813793182373e-01,-8.022791147232055664e-01,-1.957589574158191681e-02,0.000000000000000000e+00,0.000000000000000000e+00,0.000000000000000000e+00,1.000000000000000000e+00
-4.965481460094451904e-01,-1.766269467771053314e-02,-8.678294420242309570e-01,1.199712634086608887e+00,-1.953458786010742188e-01,9.764192700386047363e-01,9.189873933792114258e-02,-4.444122314453125000e-04,8.457422256469726562e-01,2.151590585708618164e-01,-4.882895052433013916e-01,-1.460314076393842697e-02,0.000000000000000000e+00,0.000000000000000000e+00,0.000000000000000000e+00,1.000000000000000000e+00
-3.338679671287536621e-01,6.854461431503295898e-01,6.470670700073242188e-01,1.201366662979125977e+00,2.833493947982788086e-01,-5.817292332649230957e-01,7.624331116676330566e-01,1.583635807037353516e-03,8.990246653556823730e-01,4.378980398178100586e-01,-3.999758398361770613e-16,-1.688948646187782288e-02,0.000000000000000000e+00,0.000000000000000000e+00,0.000000000000000000e+00,1.000000000000000000e+00
-6.805434823036193848e-01,6.294013857841491699e-01,-3.751192986965179443e-01,1.199234485626220703e+00,6.340632587671279907e-02,5.606313347816467285e-01,8.256343603134155273e-01,-4.934072494506835938e-04,7.299590110778808594e-01,5.380951762199401855e-01,-4.214420616626739502e-01,-1.479656901210546494e-02,0.000000000000000000e+00,0.000000000000000000e+00,0.000000000000000000e+00,1.000000000000000000e+00
3.533774912357330322e-01,-6.083850860595703125e-01,-7.106278538703918457e-01,1.201897382736206055e+00,-9.354808330535888672e-01,-2.298172116279602051e-01,-2.684393823146820068e-01,-2.679705619812011719e-03,-8.326672684688674053e-17,7.596391439437866211e-01,-6.503447890281677246e-01,-1.535659935325384140e-02,0.000000000000000000e+00,0.000000000000000000e+00,0.000000000000000000e+00,1.000000000000000000e+00
4.864308834075927734e-01,4.154570698738098145e-01,-7.686223983764648438e-01,1.201102495193481445e+00,1.388201117515563965e-01,-9.052885770797729492e-01,-4.014742672443389893e-01,3.820657730102539062e-04,-8.626204133033752441e-01,8.858923614025115967e-02,-4.980341196060180664e-01,-1.621069386601448059e-02,0.000000000000000000e+00,0.000000000000000000e+00,0.000000000000000000e+00,1.000000000000000000e+00
4.502618312835693359e-01,3.954580724239349365e-01,-8.005480766296386719e-01,1.200323700904846191e+00,-6.014936566352844238e-01,-5.282826423645019531e-01,-5.992685556411743164e-01,6.155610084533691406e-03,-6.599012613296508789e-01,7.513523697853088379e-01,0.000000000000000000e+00,-1.166053023189306259e-02,0.000000000000000000e+00,0.000000000000000000e+00,0.000000000000000000e+00,1.000000000000000000e+00
-6.602115035057067871e-01,-2.994263172149658203e-01,-6.888139843940734863e-01,1.200321674346923828e+00,-6.516054272651672363e-01,6.844475269317626953e-01,3.270198106765747070e-01,-1.938104629516601562e-03,3.735386431217193604e-01,6.647371649742126465e-01,-6.469879150390625000e-01,-1.396743860095739365e-02,0.000000000000000000e+00,0.000000000000000000e+00,0.000000000000000000e+00,1.000000000000000000e+00
7.382017970085144043e-01,6.714729070663452148e-01,6.467027962207794189e-02,1.194537639617919922e+00,5.259182453155517578e-01,-5.128316879272460938e-01,-6.785378456115722656e-01,-2.707242965698242188e-04,-4.224548041820526123e-01,5.349091291427612305e-01,-7.317131757736206055e-01,-9.765560738742351532e-03,0.000000000000000000e+00,0.000000000000000000e+00,0.000000000000000000e+00,1.000000000000000000e+00
-1.501449197530746460e-01,-8.867885470390319824e-01,-4.371069967746734619e-01,1.201091885566711426e+00,-8.827826380729675293e-01,-7.881164550781250000e-02,4.631236791610717773e-01,-4.658579826354980469e-03,-4.451419115066528320e-01,4.554061293601989746e-01,-7.710083723068237305e-01,-1.498659234493970871e-02,0.000000000000000000e+00,0.000000000000000000e+00,0.000000000000000000e+00,1.000000000000000000e+00
5.579135566949844360e-02,-9.249492287635803223e-01,-3.759736716747283936e-01,1.198566675186157227e+00,-9.984424710273742676e-01,-5.168467387557029724e-02,-2.100880257785320282e-02,2.761781215667724609e-03,1.249000902703301108e-16,3.765601813793182373e-01,-9.263921380043029785e-01,-1.957589574158191681e-02,0.000000000000000000e+00,0.000000000000000000e+00,0.000000000000000000e+00,1.000000000000000000e+00
-1.624336689710617065e-01,-9.864079356193542480e-01,-2.479196898639202118e-02,1.200892686843872070e+00,-8.522297739982604980e-01,1.275862157344818115e-01,5.073718428611755371e-01,2.235770225524902344e-03,-4.973125159740447998e-01,1.035427227616310120e-01,-8.613705039024353027e-01,-1.057677250355482101e-02,0.000000000000000000e+00,0.000000000000000000e+00,0.000000000000000000e+00,1.000000000000000000e+00
-5.138986706733703613e-01,5.206928849220275879e-01,-6.817529201507568359e-01,1.202096343040466309e+00,1.215424463152885437e-01,8.308989405632019043e-01,5.429865717887878418e-01,-2.054929733276367188e-03,8.491970300674438477e-01,1.961781382560729980e-01,-4.902841448783874512e-01,-1.209674309939146042e-02,0.000000000000000000e+00,0.000000000000000000e+00,0.000000000000000000e+00,1.000000000000000000e+00
2.059886902570724487e-01,-4.983871281147003174e-01,-8.421276211738586426e-01,1.200149655342102051e+00,-9.277070760726928711e-01,-3.732604682445526123e-01,-6.019211374223232269e-03,7.744431495666503906e-04,-3.113330602645874023e-01,7.824876308441162109e-01,-5.392447113990783691e-01,-1.571276038885116577e-02,0.000000000000000000e+00,0.000000000000000000e+00,0.000000000000000000e+00,1.000000000000000000e+00
6.803317666053771973e-01,7.162617444992065430e-01,1.552991271018981934e-01,1.199233293533325195e+00,6.028563976287841797e-01,-4.264040589332580566e-01,-6.743469238281250000e-01,-4.672527313232421875e-03,-4.167886972427368164e-01,5.524026751518249512e-01,-7.218992114067077637e-01,-1.924594864249229431e-02,0.000000000000000000e+00,0.000000000000000000e+00,0.000000000000000000e+00,1.000000000000000000e+00
-4.746588766574859619e-01,7.162617444992065430e-01,5.115350484848022461e-01,1.199233293533325195e+00,2.825733423233032227e-01,-4.264040589332580566e-01,8.592624068260192871e-01,-4.672527313232421875e-03,8.335773944854736328e-01,5.524026751518249512e-01,-4.243421454622659005e-16,-1.924594864249229431e-02,0.000000000000000000e+00,0.000000000000000000e+00,0.000000000000000000e+00,1.000000000000000000e+00
8.332936167716979980e-01,3.124891221523284912e-01,-4.560397863388061523e-01,1.198115468025207520e+00,2.383737117052078247e-01,-9.473907947540283203e-01,-2.136085927486419678e-01,-9.640455245971679688e-04,-4.987982511520385742e-01,6.929079443216323853e-02,-8.639439344406127930e-01,-2.140152268111705780e-02,0.000000000000000000e+00,0.000000000000000000e+00,0.000000000000000000e+00,1.000000000000000000e+00
1.174791157245635986e-01,6.308318376541137695e-01,7.669745087623596191e-01,1.198600769042968750e+00,7.176271677017211914e-01,4.799281656742095947e-01,-5.046584606170654297e-01,2.499520778656005859e-03,-6.864472627639770508e-01,6.096885800361633301e-01,-3.963205218315124512e-01,-1.671220362186431885e-02,0.000000000000000000e+00,0.000000000000000000e+00,0.000000000000000000e+00,1.000000000000000000e+00
-1.241044923663139343e-01,8.513041138648986816e-01,5.097836256027221680e-01,1.199050426483154297e+00,8.809263110160827637e-01,3.309819698333740234e-01,-3.382599651813507080e-01,3.703951835632324219e-03,-4.566912949085235596e-01,4.071022272109985352e-01,-7.910125255584716797e-01,-1.720625907182693481e-02,0.000000000000000000e+00,0.000000000000000000e+00,0.000000000000000000e+00,1.000000000000000000e+00
-8.532025814056396484e-01,5.172504782676696777e-01,6.706158816814422607e-02,1.202834606170654297e+00,3.727285265922546387e-01,5.147106647491455078e-01,7.721051573753356934e-01,-1.177549362182617188e-03,3.648544847965240479e-01,6.837579011917114258e-01,-6.319465041160583496e-01,-1.732828468084335327e-02,0.000000000000000000e+00,0.000000000000000000e+00,0.000000000000000000e+00,1.000000000000000000e+00
-9.601620435714721680e-01,-2.016708850860595703e-01,-1.934367120265960693e-01,1.197662472724914551e+00,-2.794439196586608887e-01,6.929358839988708496e-01,6.646434664726257324e-01,-3.009796142578125000e-03,8.326672684688674053e-17,6.922201514244079590e-01,-7.216864228248596191e-01,-1.382949110120534897e-02,0.000000000000000000e+00,0.000000000000000000e+00,0.000000000000000000e+00,1.000000000000000000e+00
