1.153556630015373230e-01,-9.894073605537414551e-01,8.812560886144638062e-02,7.395638227462768555e-01,-4.889521896839141846e-01,-1.337839663028717041e-01,-8.619905114173889160e-01,1.698203682899475098e-01,8.646495342254638672e-01,5.634627491235733032e-02,-4.992056488990783691e-01,7.742148824036121368e-03,0.000000000000000000e+00,0.000000000000000000e+00,0.000000000000000000e+00,1.000000000000000000e+00
9.205614775419235229e-02,9.927909374237060547e-01,7.675854116678237915e-02,7.449579834938049316e-01,5.019872188568115234e-01,2.030361071228981018e-02,-8.646367192268371582e-01,2.794760465621948242e-02,-8.599619269371032715e-01,1.181269288063049316e-01,-4.964992403984069824e-01,3.427446261048316956e-02,0.000000000000000000e+00,0.000000000000000000e+00,0.000000000000000000e+00,1.000000000000000000e+00
-1.599441766738891602e-01,-9.871137142181396484e-01,-4.942935425788164139e-03,7.435725927352905273e-01,-4.892972409725189209e-01,7.493095099925994873e-02,8.688921332359313965e-01,8.287864923477172852e-02,-8.573249578475952148e-01,1.413927972316741943e-01,-4.949767887592315674e-01,2.957521006464958191e-02,0.000000000000000000e+00,0.000000000000000000e+00,0.000000000000000000e+00,1.000000000000000000e+00
-2.516341395676136017e-02,-9.822831153869628906e-01,-1.857057958841323853e-01,7.434648871421813965e-01,-8.700129389762878418e-01,-6.997867673635482788e-02,4.880373775959014893e-01,8.430355787277221680e-02,-4.923863112926483154e-01,1.738471239805221558e-01,-8.528381586074829102e-01,1.251441705971956253e-02,0.000000000000000000e+00,0.000000000000000000e+00,0.000000000000000000e+00,1.000000000000000000e+00
3.960758075118064880e-02,-9.682200551033020020e-01,-2.469436377286911011e-01,7.453049421310424805e-01,-5.047169327735900879e-01,-2.326785624027252197e-01,8.313371539115905762e-01,1.296919584274291992e-02,-8.623757958412170410e-01,9.170938283205032349e-02,-4.978929162025451660e-01,-2.490517124533653259e-02,0.000000000000000000e+00,0.000000000000000000e+00,0.000000000000000000e+00,1.000000000000000000e+00
1.147228851914405823e-01,-9.900616407394409180e-01,-8.134248852729797363e-02,7.418770790100097656e-01,-8.584184646606445312e-01,-1.400119513273239136e-01,4.934717118740081787e-01,1.199426054954528809e-01,-4.999563395977020264e-01,1.321339607238769531e-02,-8.659498095512390137e-01,9.628326632082462311e-03,0.000000000000000000e+00,0.000000000000000000e+00,0.000000000000000000e+00,1.000000000000000000e+00
1.278061121702194214e-01,-9.900616407394409180e-01,5.868168920278549194e-02,7.418770790100097656e-01,-8.565682768821716309e-01,-1.400119513273239136e-01,-4.966763556003570557e-01,1.199426054954528809e-01,4.999563395977020264e-01,1.321339607238769531e-02,-8.659498095512390137e-01,9.628326632082462311e-03,0.000000000000000000e+00,0.000000000000000000e+00,0.000000000000000000e+00,1.000000000000000000e+00
-4.319140017032623291e-01,7.943513393402099609e-01,4.271489381790161133e-01,7.422415614128112793e-01,9.019147753715515137e-01,3.804033994674682617e-01,2.045554667711257935e-01,9.399777650833129883e-02,-1.387778780781445676e-16,4.736023247241973877e-01,-8.807387948036193848e-01,1.654900237917900085e-02,0.000000000000000000e+00,0.000000000000000000e+00,0.000000000000000000e+00,1.000000000000000000e+00
-1.035295650362968445e-01,-9.748373627662658691e-01,-1.974177211523056030e-01,7.411748766899108887e-01,-8.669978380203247070e-01,-8.822275325655937195e-03,4.982338547706604004e-01,1.470258235931396484e-01,-4.874386489391326904e-01,2.227426767349243164e-01,-8.442685008049011230e-01,2.758042886853218079e-02,0.000000000000000000e+00,0.000000000000000000e+00,0.000000000000000000e+00,1.000000000000000000e+00
-1.123512834310531616e-01,-9.874418377876281738e-01,-1.110664755105972290e-01,7.451753616333007812e-01,-5.048995614051818848e-01,-3.953995183110237122e-02,8.622720241546630859e-01,3.705471754074096680e-02,-8.558350205421447754e-01,1.529547870159149170e-01,-4.941166043281555176e-01,1.296848524361848831e-02,0.000000000000000000e+00,0.000000000000000000e+00,0.000000000000000000e+00,1.000000000000000000e+00
3.780756890773773193e-02,-9.907657504081726074e-01,-1.302069723606109619e-01,7.453938722610473633e-01,-8.677033782005310059e-01,3.207913786172866821e-02,-4.960461556911468506e-01,1.167774200439453125e-02,4.956424534320831299e-01,1.317353248596191406e-01,-8.584779500961303711e-01,1.848744228482246399e-02,0.000000000000000000e+00,0.000000000000000000e+00,0.000000000000000000e+00,1.000000000000000000e+00
-5.778456479310989380e-02,9.976946115493774414e-01,-3.558722510933876038e-02,7.452615499496459961e-01,-2.057695761322975159e-03,3.552768751978874207e-02,9.993665814399719238e-01,2.087283134460449219e-02,9.983269572257995605e-01,5.782119184732437134e-02,-1.215487779447388698e-16,-2.407906763255596161e-02,0.000000000000000000e+00,0.000000000000000000e+00,0.000000000000000000e+00,1.000000000000000000e+00
-9.732316434383392334e-02,9.920209050178527832e-01,-8.014167100191116333e-02,7.403396368026733398e-01,4.919502437114715576e-01,1.179492101073265076e-01,8.625966310501098633e-01,1.549989581108093262e-01,8.651665449142456055e-01,4.452491551637649536e-02,-4.995041489601135254e-01,2.780129387974739075e-02,0.000000000000000000e+00,0.000000000000000000e+00,0.000000000000000000e+00,1.000000000000000000e+00
7.756996899843215942e-02,-9.913411736488342285e-01,1.059507057070732117e-01,7.400622963905334473e-01,8.265114389359951019e-03,-1.056278347969055176e-01,-9.943713545799255371e-01,1.583052277565002441e-01,9.969526529312133789e-01,7.800905406475067139e-02,3.213466183755076151e-16,1.513091940432786942e-02,0.000000000000000000e+00,0.000000000000000000e+00,0.000000000000000000e+00,1.000000000000000000e+00
7.809587568044662476e-02,-9.930376410484313965e-01,-8.818855881690979004e-02,7.449987530708312988e-01,-9.969458580017089844e-01,-7.778973132371902466e-02,-6.908261682838201523e-03,4.254794120788574219e-02,-1.457167719820517959e-16,8.845872431993484497e-02,-9.960798621177673340e-01,2.722812071442604065e-02,0.000000000000000000e+00,0.000000000000000000e+00,0.000000000000000000e+00,1.000000000000000000e+00
5.583813041448593140e-02,-9.894073605537414551e-01,1.339968442916870117e-01,7.395638227462768555e-01,7.550223264843225479e-03,-1.337839663028717041e-01,-9.909817576408386230e-01,1.698203682899475098e-01,9.984112977981567383e-01,5.634627491235733032e-02,-5.646732966772176430e-16,7.742148824036121368e-03,0.000000000000000000e+00,0.000000000000000000e+00,0.000000000000000000e+00,1.000000000000000000e+00
2.071678489446640015e-01,-9.649857878684997559e-01,-1.608848273754119873e-01,7.430260777473449707e-01,-5.077300071716308594e-01,3.451685607433319092e-02,-8.608245253562927246e-01,9.900611639022827148e-02,8.362366557121276855e-01,2.600212097167968750e-01,-4.828014671802520752e-01,3.485395386815071106e-02,0.000000000000000000e+00,0.000000000000000000e+00,0.000000000000000000e+00,1.000000000000000000e+00
-1.055971160531044006e-01,9.551079869270324707e-01,2.767994403839111328e-01,7.396464943885803223e-01,8.649109005928039551e-01,2.255704849958419800e-01,-4.483827054500579834e-01,1.669204831123352051e-01,-4.906916916370391846e-01,1.920589506626129150e-01,-8.499029278755187988e-01,3.663810715079307556e-02,0.000000000000000000e+00,0.000000000000000000e+00,0.000000000000000000e+00,1.000000000000000000e+00
-1.142439544200897217e-01,-9.865218400955200195e-01,-1.171451508998870850e-01,7.454911470413208008e-01,-9.934527277946472168e-01,1.134469211101531982e-01,1.347132585942745209e-02,3.404694795608520508e-02,8.326672684688674053e-17,1.179171875119209290e-01,-9.930234551429748535e-01,3.861084207892417908e-02,0.000000000000000000e+00,0.000000000000000000e+00,0.000000000000000000e+00,1.000000000000000000e+00
-2.708034217357635498e-01,-9.626271128654479980e-01,-3.813575021922588348e-03,7.452927827835083008e-01,-4.683313369750976562e-01,1.282863765954971313e-01,8.741900920867919922e-01,4.845267534255981445e-02,-8.410298824310302734e-01,2.385196983814239502e-01,-4.855688214302062988e-01,3.053038194775581360e-02,0.000000000000000000e+00,0.000000000000000000e+00,0.000000000000000000e+00,1.000000000000000000e+00
5.407457053661346436e-02,9.559004306793212891e-01,2.886698246002197266e-01,7.433697581291198730e-01,5.047762989997863770e-01,-2.756026387214660645e-01,8.180733919143676758e-01,6.695693731307983398e-02,8.615549206733703613e-01,1.014767140150070190e-01,-4.974189698696136475e-01,3.934543952345848083e-02,0.000000000000000000e+00,0.000000000000000000e+00,0.000000000000000000e+00,1.000000000000000000e+00
1.490951050072908401e-02,-9.688693284988403320e-01,-2.471234053373336792e-01,7.442935705184936523e-01,-8.721507787704467773e-01,-1.334740221500396729e-01,4.706779718399047852e-01,6.213051080703735352e-02,-4.890099763870239258e-01,2.085112780332565308e-01,-8.469901084899902344e-01,2.219457551836967468e-02,0.000000000000000000e+00,0.000000000000000000e+00,0.000000000000000000e+00,1.000000000000000000e+00
-4.170272499322891235e-02,-9.939156174659729004e-01,-1.019441932439804077e-01,7.453688979148864746e-01,-5.039594173431396484e-01,-6.717751920223236084e-02,8.611109852790832520e-01,8.689761161804199219e-03,-8.627200126647949219e-01,8.728640526533126831e-02,-4.980916380882263184e-01,-1.021433901041746140e-02,0.000000000000000000e+00,0.000000000000000000e+00,0.000000000000000000e+00,1.000000000000000000e+00
-1.006906107068061829e-01,9.779750108718872070e-01,-1.828285604715347290e-01,7.450156807899475098e-01,-1.872472837567329407e-02,1.818671673536300659e-01,9.831448197364807129e-01,3.803485631942749023e-02,9.947415590286254883e-01,1.024168655276298523e-01,3.126298287850932120e-16,-2.362251840531826019e-02,0.000000000000000000e+00,0.000000000000000000e+00,0.000000000000000000e+00,1.000000000000000000e+00
-2.533291578292846680e-01,-9.469760060310363770e-01,-1.976378560066223145e-01,7.465026974678039551e-01,-5.117787122726440430e-01,-4.217730835080146790e-02,8.580814003944396973e-01,1.858818531036376953e-02,-8.209183216094970703e-01,3.185238838195800781e-01,-4.739574193954467773e-01,3.633468970656394958e-02,0.000000000000000000e+00,0.000000000000000000e+00,0.000000000000000000e+00,1.000000000000000000e+00
9.998279809951782227e-01,-1.717103086411952972e-02,-7.013672962784767151e-03,7.465068697929382324e-01,-7.513989228755235672e-03,-2.924823388457298279e-02,-9.995439648628234863e-01,9.224385023117065430e-02,1.695806160569190979e-02,9.994246959686279297e-01,-2.937222458422183990e-02,-1.091222511604428291e-03,0.000000000000000000e+00,0.000000000000000000e+00,0.000000000000000000e+00,1.000000000000000000e+00
-1.575107425451278687e-01,-9.865218400955200195e-01,-4.432869702577590942e-02,7.454911470413208008e-01,-8.536196351051330566e-01,1.134469211101531982e-01,5.083928704261779785e-01,3.404694795608520508e-02,-4.965117275714874268e-01,1.179171875119209290e-01,-8.599835038185119629e-01,3.861084207892417908e-02,0.000000000000000000e+00,0.000000000000000000e+00,0.000000000000000000e+00,1.000000000000000000e+00
-2.071406543254852295e-01,9.780354499816894531e-01,-2.322516962885856628e-02,7.464332580566406250e-01,4.780506789684295654e-01,1.219032630324363708e-01,8.698316812515258789e-01,1.351404190063476562e-02,8.535574674606323242e-01,1.690746843814849854e-01,-4.928016066551208496e-01,-3.924591094255447388e-02,0.000000000000000000e+00,0.000000000000000000e+00,0.000000000000000000e+00,1.000000000000000000e+00
-8.526308834552764893e-02,-9.922720789909362793e-01,-9.014594554901123047e-02,7.450867295265197754e-01,-5.033376216888427734e-01,-3.518538177013397217e-02,8.633731603622436523e-01,2.268528938293457031e-02,-8.598729372024536133e-01,1.189877092838287354e-01,-4.964478611946105957e-01,-9.117751382291316986e-03,0.000000000000000000e+00,0.000000000000000000e+00,0.000000000000000000e+00,1.000000000000000000e+00
-9.671689271926879883e-01,1.242891978472471237e-02,2.538301944732666016e-01,7.429805994033813477e-01,2.541342973709106445e-01,4.730122908949851990e-02,9.660115838050842285e-01,8.469158411026000977e-02,-8.673617379884035472e-18,9.988033175468444824e-01,-4.890689626336097717e-02,-1.028503524139523506e-03,0.000000000000000000e+00,0.000000000000000000e+00,0.000000000000000000e+00,1.000000000000000000e+00
3.493826463818550110e-02,-9.810611605644226074e-01,-1.905212700366973877e-01,7.422839403152465820e-01,-8.701367974281311035e-01,6.390728801488876343e-02,-4.886489808559417725e-01,1.181337237358093262e-01,4.915702044963836670e-01,1.828521192073822021e-01,-8.514245748519897461e-01,3.082926198840141296e-02,0.000000000000000000e+00,0.000000000000000000e+00,0.000000000000000000e+00,1.000000000000000000e+00
-2.888613641262054443e-01,-9.407347440719604492e-01,-1.776998639106750488e-01,7.401565313339233398e-01,-5.027557015419006348e-01,-8.901547640562057495e-03,8.643827438354492188e-01,1.580234169960021973e-01,-8.147366642951965332e-01,3.390263915061950684e-01,-4.703884422779083252e-01,3.451784327626228333e-02,0.000000000000000000e+00,0.000000000000000000e+00,0.000000000000000000e+00,1.000000000000000000e+00
-1.463275700807571411e-01,-9.874316453933715820e-01,-5.972394719719886780e-02,7.452829480171203613e-01,-4.969767928123474121e-01,2.117671445012092590e-02,8.675053715705871582e-01,5.968928337097167969e-03,-8.553375601768493652e-01,1.566213667392730713e-01,-4.938293695449829102e-01,2.597314072772860527e-03,0.000000000000000000e+00,0.000000000000000000e+00,0.000000000000000000e+00,1.000000000000000000e+00
4.449483007192611694e-02,-9.469760060310363770e-01,-3.182084262371063232e-01,7.465026974678039551e-01,-9.990096092224121094e-01,-4.217730835080146790e-02,-1.417266577482223511e-02,1.858818531036376953e-02,-1.439820485060749888e-16,3.185238838195800781e-01,-9.479148387908935547e-01,3.633468970656394958e-02,0.000000000000000000e+00,0.000000000000000000e+00,0.000000000000000000e+00,1.000000000000000000e+00
6.403327733278274536e-02,9.965826272964477539e-01,5.218105763196945190e-02,7.412113547325134277e-01,8.636801838874816895e-01,-8.153785020112991333e-02,4.974014163017272949e-01,1.435371637344360352e-01,4.999563097953796387e-01,1.321750227361917496e-02,-8.659497499465942383e-01,1.878748461604118347e-02,0.000000000000000000e+00,0.000000000000000000e+00,0.000000000000000000e+00,1.000000000000000000e+00
-1.124733909964561462e-01,-9.936546087265014648e-01,-5.079603288322687149e-04,7.444671392440795898e-01,-4.944947063922882080e-01,5.552924424409866333e-02,8.674050569534301758e-01,3.548514842987060547e-02,-8.618727922439575195e-01,9.781116992235183716e-02,-4.976024925708770752e-01,-2.564068324863910675e-02,0.000000000000000000e+00,0.000000000000000000e+00,0.000000000000000000e+00,1.000000000000000000e+00
1.013451442122459412e-01,-9.890694618225097656e-01,-1.071018874645233154e-01,7.443990111351013184e-01,-8.630630970001220703e-01,-3.386234864592552185e-02,-5.039597749710083008e-01,5.496764183044433594e-02,4.948244690895080566e-01,1.435095518827438354e-01,-8.570610880851745605e-01,2.917193248867988586e-02,0.000000000000000000e+00,0.000000000000000000e+00,0.000000000000000000e+00,1.000000000000000000e+00
-4.841238632798194885e-02,9.901305437088012695e-01,1.315207928419113159e-01,7.419939637184143066e-01,8.674256801605224609e-01,-2.360551990568637848e-02,4.970065057277679443e-01,1.174269914627075195e-01,4.952059388160705566e-01,1.381457895040512085e-01,-8.577218651771545410e-01,2.002501860260963440e-02,0.000000000000000000e+00,0.000000000000000000e+00,0.000000000000000000e+00,1.000000000000000000e+00
-1.677764803171157837e-01,9.780354499816894531e-01,-1.236839070916175842e-01,7.464332580566406250e-01,-2.091181837022304535e-02,1.219032630324363708e-01,9.923216700553894043e-01,1.351404190063476562e-02,9.856032133102416992e-01,1.690746843814849854e-01,-1.094175853090525812e-16,-3.924591094255447388e-02,0.000000000000000000e+00,0.000000000000000000e+00,0.000000000000000000e+00,1.000000000000000000e+00
1.976378560066223145e-01,-9.469760060310363770e-01,-2.533291578292846680e-01,7.465026974678039551e-01,-8.580814003944396973e-01,-4.217730835080146790e-02,-5.117787122726440430e-01,1.858818531036376953e-02,4.739574193954467773e-01,3.185238838195800781e-01,-8.209183216094970703e-01,3.633468970656394958e-02,0.000000000000000000e+00,0.000000000000000000e+00,0.000000000000000000e+00,1.000000000000000000e+00
-9.385875612497329712e-02,-9.907657504081726074e-01,-9.784580022096633911e-02,7.453938722610473633e-01,-8.634402751922607422e-01,3.207913786172866821e-02,5.034300684928894043e-01,1.167774200439453125e-02,-4.956424534320831299e-01,1.317353248596191406e-01,-8.584779500961303711e-01,1.848744228482246399e-02,0.000000000000000000e+00,0.000000000000000000e+00,0.000000000000000000e+00,1.000000000000000000e+00
1.513201463967561722e-02,9.991266727447509766e-01,-3.894736617803573608e-02,7.404086589813232422e-01,-5.897996597923338413e-04,-3.894290328025817871e-02,-9.992412924766540527e-01,1.442487239837646484e-01,-9.998853206634521484e-01,1.514350436627864838e-02,0.000000000000000000e+00,-4.219859465956687927e-02,0.000000000000000000e+00,0.000000000000000000e+00,0.000000000000000000e+00,1.000000000000000000e+00
1.339968442916870117e-01,-9.894073605537414551e-01,-5.583813041448593140e-02,7.395638227462768555e-01,-9.909817576408386230e-01,-1.337839663028717041e-01,-7.550223264843225479e-03,1.698203682899475098e-01,-1.379105163401561640e-16,5.634627491235733032e-02,-9.984112977981567383e-01,7.742148824036121368e-03,0.000000000000000000e+00,0.000000000000000000e+00,0.000000000000000000e+00,1.000000000000000000e+00
-2.334632873535156250e-01,9.701499938964843750e-01,-6.560422480106353760e-02,7.417621016502380371e-01,8.345327377319335938e-01,2.345403581857681274e-01,4.985438287258148193e-01,1.151359677314758301e-01,4.990491271018981934e-01,6.164280697703361511e-02,-8.643784523010253906e-01,3.471047803759574890e-02,0.000000000000000000e+00,0.000000000000000000e+00,0.000000000000000000e+00,1.000000000000000000e+00
5.297101289033889771e-02,-9.913411736488342285e-01,-1.201529204845428467e-01,7.400622963905334473e-01,-8.652834296226501465e-01,-1.056278347969055176e-01,4.900279045104980469e-01,1.583052277565002441e-01,-4.984763264656066895e-01,7.800905406475067139e-02,-8.633863329887390137e-01,1.513091940432786942e-02,0.000000000000000000e+00,0.000000000000000000e+00,0.000000000000000000e+00,1.000000000000000000e+00
-4.777617007493972778e-02,9.710399508476257324e-01,-2.340915352106094360e-01,7.456381916999816895e-01,-1.150363124907016754e-02,2.338087111711502075e-01,9.722145795822143555e-01,1.132649183273315430e-02,9.987918138504028320e-01,4.914158955216407776e-02,-5.664739828439618787e-16,-1.068998035043478012e-02,0.000000000000000000e+00,0.000000000000000000e+00,0.000000000000000000e+00,1.000000000000000000e+00
-5.171459168195724487e-02,9.817076921463012695e-01,1.832363605499267578e-01,7.415181994438171387e-01,4.990275800228118896e-01,1.843350082635879517e-01,-8.467538356781005859e-01,1.208770871162414551e-01,-8.650416731834411621e-01,4.765047132968902588e-02,-4.994320273399353027e-01,3.621062263846397400e-02,0.000000000000000000e+00,0.000000000000000000e+00,0.000000000000000000e+00,1.000000000000000000e+00
-4.478703141212463379e-01,8.723964095115661621e-01,-1.957974433898925781e-01,7.454726099967956543e-01,7.418755888938903809e-01,4.848251640796661377e-01,4.632117450237274170e-01,1.803231239318847656e-02,4.990318119525909424e-01,6.220143660902976990e-02,-8.643484711647033691e-01,3.092273697257041931e-02,0.000000000000000000e+00,0.000000000000000000e+00,0.000000000000000000e+00,1.000000000000000000e+00
-1.720863394439220428e-02,-9.994684457778930664e-01,-2.768998779356479645e-02,7.448061108589172363e-01,-4.766896308865398169e-04,-2.768588438630104065e-02,9.996165633201599121e-01,3.638380765914916992e-02,-9.998518228530883789e-01,1.721523515880107880e-02,0.000000000000000000e+00,-1.282089482992887497e-02,0.000000000000000000e+00,0.000000000000000000e+00,0.000000000000000000e+00,1.000000000000000000e+00
-1.125029176473617554e-01,9.927909374237060547e-01,4.134369269013404846e-02,7.449579834938049316e-01,4.978037476539611816e-01,2.030361071228981018e-02,8.670520186424255371e-01,2.794760465621948242e-02,8.599619269371032715e-01,1.181269288063049316e-01,-4.964992403984069824e-01,3.427446261048316956e-02,0.000000000000000000e+00,0.000000000000000000e+00,0.000000000000000000e+00,1.000000000000000000e+00
2.028155699372291565e-02,-9.989793896675109863e-01,-4.035832732915878296e-02,7.422767281532287598e-01,-9.997943043708801270e-01,-2.026502601802349091e-02,-8.186980849131941795e-04,1.107096076011657715e-01,-1.108054620280185532e-16,4.036663100123405457e-02,-9.991849064826965332e-01,3.177958354353904724e-02,0.000000000000000000e+00,0.000000000000000000e+00,0.000000000000000000e+00,1.000000000000000000e+00
-2.266173064708709717e-01,9.710399508476257324e-01,-7.567039132118225098e-02,7.456381916999816895e-01,8.362106680870056152e-01,2.338087111711502075e-01,4.960697293281555176e-01,1.132649183273315430e-02,4.993959069252014160e-01,4.914158955216407776e-02,-8.649790883064270020e-01,-1.068998035043478012e-02,0.000000000000000000e+00,0.000000000000000000e+00,0.000000000000000000e+00,1.000000000000000000e+00
1.311379671096801758e-01,-9.879097938537597656e-01,-8.268667012453079224e-02,7.445628643035888672e-01,-9.913641214370727539e-01,-1.306810230016708374e-01,-1.093781832605600357e-02,4.791158437728881836e-02,-1.439820485060749888e-16,8.340695500373840332e-02,-9.965155720710754395e-01,1.754171028733253479e-02,0.000000000000000000e+00,0.000000000000000000e+00,0.000000000000000000e+00,1.000000000000000000e+00
-1.735465675592422485e-01,9.701499938964843750e-01,1.693830192089080811e-01,7.417621016502380371e-01,8.490179777145385742e-01,2.345403581857681274e-01,-4.734546244144439697e-01,1.151359677314758301e-01,-4.990491271018981934e-01,6.164280697703361511e-02,-8.643784523010253906e-01,3.471047803759574890e-02,0.000000000000000000e+00,0.000000000000000000e+00,0.000000000000000000e+00,1.000000000000000000e+00
1.188290119171142578e-02,9.979794025421142578e-01,6.241767108440399170e-02,7.451412677764892578e-01,8.664635419845581055e-01,2.088024280965328217e-02,-4.988034963607788086e-01,3.207612037658691406e-02,-4.990988969802856445e-01,6.000987067818641663e-02,-8.644646406173706055e-01,3.912208601832389832e-02,0.000000000000000000e+00,0.000000000000000000e+00,0.000000000000000000e+00,1.000000000000000000e+00
-6.241767108440399170e-02,9.979794025421142578e-01,1.188290119171142578e-02,7.451412677764892578e-01,4.988034963607788086e-01,2.088024280965328217e-02,8.664635419845581055e-01,3.207612037658691406e-02,8.644646406173706055e-01,6.000987067818641663e-02,-4.990988969802856445e-01,3.912208601832389832e-02,0.000000000000000000e+00,0.000000000000000000e+00,0.000000000000000000e+00,1.000000000000000000e+00
-4.355111345648765564e-02,9.742810726165771484e-01,2.210875153541564941e-01,7.432014942169189453e-01,8.691743016242980957e-01,1.460612416267395020e-01,-4.724427759647369385e-01,7.726067304611206055e-02,-4.925843775272369385e-01,1.715881675481796265e-01,-8.531811833381652832e-01,2.664031460881233215e-02,0.000000000000000000e+00,0.000000000000000000e+00,0.000000000000000000e+00,1.000000000000000000e+00
1.165600027889013290e-02,9.955580830574035645e-01,9.342505037784576416e-02,7.445853948593139648e-01,8.670337200164794922e-01,3.647994622588157654e-02,-4.969122111797332764e-01,4.448193311691284180e-02,-4.981130957603454590e-01,8.679467439651489258e-02,-8.627572059631347656e-01,1.136426720768213272e-02,0.000000000000000000e+00,0.000000000000000000e+00,0.000000000000000000e+00,1.000000000000000000e+00
1.547010391950607300e-01,-9.696084260940551758e-01,-1.895443946123123169e-01,7.434852719306945801e-01,-5.153731703758239746e-01,8.448061347007751465e-02,-8.527916073799133301e-01,8.882266283035278320e-02,8.428867459297180176e-01,2.296138405799865723e-01,-4.866409003734588623e-01,3.711747005581855774e-02,0.000000000000000000e+00,0.000000000000000000e+00,0.000000000000000000e+00,1.000000000000000000e+00
-9.765879809856414795e-02,-9.936546087265014648e-01,5.579679086804389954e-02,7.444671392440795898e-01,5.457549355924129486e-03,5.552924424409866333e-02,9.984421730041503906e-01,3.548514842987060547e-02,-9.952049851417541504e-01,9.781116992235183716e-02,0.000000000000000000e+00,-2.564068324863910675e-02,0.000000000000000000e+00,0.000000000000000000e+00,0.000000000000000000e+00,1.000000000000000000e+00
-9.128278493881225586e-02,-9.947680830955505371e-01,4.586890339851379395e-02,7.447151541709899902e-01,4.191452637314796448e-03,4.567699506878852844e-02,9.989474415779113770e-01,4.198276996612548828e-02,-9.958161711692810059e-01,9.137896448373794556e-02,0.000000000000000000e+00,5.995620973408222198e-03,0.000000000000000000e+00,0.000000000000000000e+00,0.000000000000000000e+00,1.000000000000000000e+00
-2.298495024442672729e-01,9.551079869270324707e-01,1.869167983531951904e-01,7.396464943885803223e-01,9.732261896133422852e-01,2.255704849958419800e-01,4.414465650916099548e-02,1.669204831123352051e-01,-1.249000902703301108e-16,1.920589506626129150e-01,-9.813833832740783691e-01,3.663810715079307556e-02,0.000000000000000000e+00,0.000000000000000000e+00,0.000000000000000000e+00,1.000000000000000000e+00
5.917759146541357040e-03,-9.947680830955505371e-01,-1.019876599311828613e-01,7.447151541709899902e-01,-8.672096133232116699e-01,4.567699506878852844e-02,-4.958438277244567871e-01,4.198276996612548828e-02,4.979080855846405029e-01,9.137896448373794556e-02,-8.624021410942077637e-01,5.995620973408222198e-03,0.000000000000000000e+00,0.000000000000000000e+00,0.000000000000000000e+00,1.000000000000000000e+00
1.482442319393157959e-01,-9.822831153869628906e-01,-1.146450489759445190e-01,7.434648871421813965e-01,-8.576592206954956055e-01,-6.997867673635482788e-02,-5.094346404075622559e-01,8.430355787277221680e-02,4.923863112926483154e-01,1.738471239805221558e-01,-8.528381586074829102e-01,1.251441705971956253e-02,0.000000000000000000e+00,0.000000000000000000e+00,0.000000000000000000e+00,1.000000000000000000e+00
-3.329955041408538818e-02,-9.991295337677001953e-01,2.512580156326293945e-02,7.449152469635009766e-01,8.369421702809631824e-04,2.511185966432094574e-02,9.996842741966247559e-01,3.130692243576049805e-02,-9.994450807571411133e-01,3.331006690859794617e-02,0.000000000000000000e+00,-5.593179725110530853e-03,0.000000000000000000e+00,0.000000000000000000e+00,0.000000000000000000e+00,1.000000000000000000e+00
1.795562356710433960e-01,-9.632908701896667480e-01,1.995751857757568359e-01,7.394869327545166016e-01,3.657067939639091492e-02,-1.961959302425384521e-01,-9.798825383186340332e-01,1.696989536285400391e-01,9.830676913261413574e-01,1.832426190376281738e-01,3.186002463929335548e-16,-1.070480328053236008e-02,0.000000000000000000e+00,0.000000000000000000e+00,0.000000000000000000e+00,1.000000000000000000e+00
9.788520932197570801e-01,2.045193612575531006e-01,4.516162909567356110e-03,7.402173876762390137e-01,2.045692205429077148e-01,-9.786135554313659668e-01,-2.160958200693130493e-02,8.738791942596435547e-02,-1.517883041479706208e-16,2.207645401358604431e-02,-9.997562766075134277e-01,-3.753792122006416321e-02,0.000000000000000000e+00,0.000000000000000000e+00,0.000000000000000000e+00,1.000000000000000000e+00
8.969415724277496338e-02,9.901305437088012695e-01,1.076867580413818359e-01,7.419939637184143066e-01,8.641331195831298828e-01,-2.360551990568637848e-02,-5.027093887329101562e-01,1.174269914627075195e-01,-4.952059388160705566e-01,1.381457895040512085e-01,-8.577218651771545410e-01,2.002501860260963440e-02,0.000000000000000000e+00,0.000000000000000000e+00,0.000000000000000000e+00,1.000000000000000000e+00
-4.586890339851379395e-02,-9.947680830955505371e-01,-9.128278493881225586e-02,7.447151541709899902e-01,-9.989474415779113770e-01,4.567699506878852844e-02,4.191452637314796448e-03,4.198276996612548828e-02,1.960237527853792017e-16,9.137896448373794556e-02,-9.958161711692810059e-01,5.995620973408222198e-03,0.000000000000000000e+00,0.000000000000000000e+00,0.000000000000000000e+00,1.000000000000000000e+00
-8.536502718925476074e-02,-9.947680830955505371e-01,-5.611876025795936584e-02,7.447151541709899902e-01,-8.630181550979614258e-01,4.567699506878852844e-02,5.031036138534545898e-01,4.198276996612548828e-02,-4.979080855846405029e-01,9.137896448373794556e-02,-8.624021410942077637e-01,5.995620973408222198e-03,0.000000000000000000e+00,0.000000000000000000e+00,0.000000000000000000e+00,1.000000000000000000e+00
-7.508046925067901611e-02,9.955580830574035645e-01,5.680691823363304138e-02,7.445853948593139648e-01,8.638554811477661133e-01,3.647994622588157654e-02,5.024171471595764160e-01,4.448193311691284180e-02,4.981130957603454590e-01,8.679467439651489258e-02,-8.627572059631347656e-01,1.136426720768213272e-02,0.000000000000000000e+00,0.000000000000000000e+00,0.000000000000000000e+00,1.000000000000000000e+00
2.770327031612396240e-01,9.559004306793212891e-01,9.750496596097946167e-02,7.433697581291198730e-01,9.608604907989501953e-01,-2.756026387214660645e-01,-2.811236679553985596e-02,6.695693731307983398e-02,-1.387778780781445676e-17,1.014767140150070190e-01,-9.948379397392272949e-01,3.934543952345848083e-02,0.000000000000000000e+00,0.000000000000000000e+00,0.000000000000000000e+00,1.000000000000000000e+00
-1.564411669969558716e-01,9.856374859809875488e-01,6.359964609146118164e-02,7.410143017768859863e-01,4.965126514434814453e-01,2.281541191041469574e-02,8.677296042442321777e-01,1.347332000732421875e-01,8.538157343864440918e-01,1.673266589641571045e-01,-4.929507672786712646e-01,2.973088994622230530e-02,0.000000000000000000e+00,0.000000000000000000e+00,0.000000000000000000e+00,1.000000000000000000e+00
2.886698246002197266e-01,9.559004306793212891e-01,-5.407457053661346436e-02,7.433697581291198730e-01,8.180733919143676758e-01,-2.756026387214660645e-01,-5.047762989997863770e-01,6.695693731307983398e-02,-4.974189698696136475e-01,1.014767140150070190e-01,-8.615549206733703613e-01,3.934543952345848083e-02,0.000000000000000000e+00,0.000000000000000000e+00,0.000000000000000000e+00,1.000000000000000000e+00
-2.934947609901428223e-01,-9.384462237358093262e-01,-1.821524798870086670e-01,7.416465282440185547e-01,-9.559606909751892090e-01,2.881175577640533447e-01,5.592363700270652771e-02,1.363878250122070312e-01,-1.110223024625156540e-16,1.905438899993896484e-01,-9.816786646842956543e-01,3.036479279398918152e-02,0.000000000000000000e+00,0.000000000000000000e+00,0.000000000000000000e+00,1.000000000000000000e+00
-2.060222774744033813e-01,-9.711024165153503418e-01,-1.204778999090194702e-01,7.422050237655639648e-01,-8.476174473762512207e-01,1.155763790011405945e-01,5.178675055503845215e-01,1.144589185714721680e-01,-4.889779686927795410e-01,2.088114023208618164e-01,-8.469346761703491211e-01,3.271520510315895081e-02,0.000000000000000000e+00,0.000000000000000000e+00,0.000000000000000000e+00,1.000000000000000000e+00
9.986848831176757812e-01,3.887901827692985535e-02,3.342024981975555420e-02,7.573437690734863281e-01,3.424426168203353882e-02,-2.072480507194995880e-02,-9.991985559463500977e-01,8.795100450515747070e-02,-3.815523162484169006e-02,9.990289807319641113e-01,-2.202893234789371490e-02,-1.225899206474423409e-03,0.000000000000000000e+00,0.000000000000000000e+00,0.000000000000000000e+00,1.000000000000000000e+00
1.495910733938217163e-01,-9.672310948371887207e-01,-2.051499933004379272e-01,7.445971369743347168e-01,-9.887479543685913086e-01,-1.463357210159301758e-01,-3.103784844279289246e-02,5.680704116821289062e-02,-1.040834085586084257e-16,2.074846327304840088e-01,-9.782382845878601074e-01,2.437229081988334656e-02,0.000000000000000000e+00,0.000000000000000000e+00,0.000000000000000000e+00,1.000000000000000000e+00
9.148406237363815308e-02,9.865460395812988281e-01,1.354901641607284546e-01,7.428992986679077148e-01,8.650319576263427734e-01,-1.132870372384786606e-02,-5.015888214111328125e-01,9.861654043197631836e-02,-4.933055341243743896e-01,1.630907058715820312e-01,-8.544302582740783691e-01,5.098023451864719391e-03,0.000000000000000000e+00,0.000000000000000000e+00,0.000000000000000000e+00,1.000000000000000000e+00
5.480432882905006409e-02,9.931246638298034668e-01,1.034400686621665955e-01,7.407991290092468262e-01,8.662666082382202148e-01,4.228855948895215988e-03,-4.995640814304351807e-01,1.461113095283508301e-01,-4.965668320655822754e-01,1.169849485158920288e-01,-8.600789904594421387e-01,1.958475634455680847e-02,0.000000000000000000e+00,0.000000000000000000e+00,0.000000000000000000e+00,1.000000000000000000e+00
4.432869702577590942e-02,-9.865218400955200195e-01,-1.575107425451278687e-01,7.454911470413208008e-01,-5.083928704261779785e-01,1.134469211101531982e-01,-8.536196351051330566e-01,3.404694795608520508e-02,8.599835038185119629e-01,1.179171875119209290e-01,-4.965117275714874268e-01,3.861084207892417908e-02,0.000000000000000000e+00,0.000000000000000000e+00,0.000000000000000000e+00,1.000000000000000000e+00
4.129543527960777283e-02,-9.967982172966003418e-01,-6.846913695335388184e-02,7.452052235603332520e-01,-9.991469979286193848e-01,-4.119835793972015381e-02,-2.829876495525240898e-03,3.484636545181274414e-02,-1.513546232789764190e-16,6.852758675813674927e-02,-9.976491928100585938e-01,2.176747098565101624e-02,0.000000000000000000e+00,0.000000000000000000e+00,0.000000000000000000e+00,1.000000000000000000e+00
1.154214739799499512e-01,-9.930376410484313965e-01,2.353873290121555328e-02,7.449987530708312988e-01,-4.924902021884918213e-01,-7.778973132371902466e-02,-8.668345808982849121e-01,4.254794120788574219e-02,8.626304268836975098e-01,8.845872431993484497e-02,-4.980399310588836670e-01,2.722812071442604065e-02,0.000000000000000000e+00,0.000000000000000000e+00,0.000000000000000000e+00,1.000000000000000000e+00
-9.686141461133956909e-02,-9.874316453933715820e-01,-1.248862370848655701e-01,7.452829480171203613e-01,-8.641472458839416504e-01,2.117671445012092590e-02,5.027933120727539062e-01,5.968928337097167969e-03,-4.938293695449829102e-01,1.566213667392730713e-01,-8.553375601768493652e-01,2.597314072772860527e-03,0.000000000000000000e+00,0.000000000000000000e+00,0.000000000000000000e+00,1.000000000000000000e+00
-2.046102285385131836e-01,9.785640835762023926e-01,2.338886260986328125e-02,7.450131773948669434e-01,4.848465621471405029e-01,8.056259155273437500e-02,8.708808422088623047e-01,2.543842792510986328e-02,8.503284454345703125e-01,1.895311325788497925e-01,-4.909373521804809570e-01,6.512676365673542023e-03,0.000000000000000000e+00,0.000000000000000000e+00,0.000000000000000000e+00,1.000000000000000000e+00
1.439637392759323120e-01,-9.894073605537414551e-01,1.864118315279483795e-02,7.395638227462768555e-01,-8.544402718544006348e-01,-1.337839663028717041e-01,-5.020295381546020508e-01,1.698203682899475098e-01,4.992056488990783691e-01,5.634627491235733032e-02,-8.646495342254638672e-01,7.742148824036121368e-03,0.000000000000000000e+00,0.000000000000000000e+00,0.000000000000000000e+00,1.000000000000000000e+00
5.218105763196945190e-02,9.965826272964477539e-01,-6.403327733278274536e-02,7.412113547325134277e-01,4.974014163017272949e-01,-8.153785020112991333e-02,-8.636801838874816895e-01,1.435371637344360352e-01,-8.659497499465942383e-01,1.321750227361917496e-02,-4.999563097953796387e-01,1.878748461604118347e-02,0.000000000000000000e+00,0.000000000000000000e+00,0.000000000000000000e+00,1.000000000000000000e+00
-2.210875153541564941e-01,9.742810726165771484e-01,-4.355111345648765564e-02,7.432014942169189453e-01,4.724427759647369385e-01,1.460612416267395020e-01,8.691743016242980957e-01,7.726067304611206055e-02,8.531811833381652832e-01,1.715881675481796265e-01,-4.925843775272369385e-01,2.664031460881233215e-02,0.000000000000000000e+00,0.000000000000000000e+00,0.000000000000000000e+00,1.000000000000000000e+00
1.938536763191223145e-01,9.799219369888305664e-01,4.662321507930755615e-02,7.393270730972290039e-01,9.047920815646648407e-03,4.573684930801391602e-02,-9.989125728607177734e-01,1.686513423919677734e-01,-9.809887409210205078e-01,1.940647214651107788e-01,0.000000000000000000e+00,-1.058235298842191696e-02,0.000000000000000000e+00,0.000000000000000000e+00,0.000000000000000000e+00,1.000000000000000000e+00
1.445706039667129517e-01,9.799219369888305664e-01,1.373037248849868774e-01,7.393270730972290039e-01,5.072920322418212891e-01,4.573684930801391602e-02,-8.605597019195556641e-01,1.686513423919677734e-01,-8.495611548423767090e-01,1.940647214651107788e-01,-4.904943704605102539e-01,-1.058235298842191696e-02,0.000000000000000000e+00,0.000000000000000000e+00,0.000000000000000000e+00,1.000000000000000000e+00
8.305847644805908203e-02,-9.907412528991699219e-01,-1.073920205235481262e-01,7.399520874023437500e-01,-8.624235391616821289e-01,-1.254575401544570923e-01,4.903937876224517822e-01,1.702584028244018555e-01,-4.993264973163604736e-01,5.188604071736335754e-02,-8.648588657379150391e-01,2.816111966967582703e-02,0.000000000000000000e+00,0.000000000000000000e+00,0.000000000000000000e+00,1.000000000000000000e+00
3.531559929251670837e-02,9.943337440490722656e-01,1.002658307552337646e-01,7.417137622833251953e-01,8.668814301490783691e-01,1.944165676832199097e-02,-4.981351196765899658e-01,1.227664351463317871e-01,-4.972618818283081055e-01,1.045105233788490295e-01,-8.612828850746154785e-01,2.575631812214851379e-02,0.000000000000000000e+00,0.000000000000000000e+00,0.000000000000000000e+00,1.000000000000000000e+00
3.763394802808761597e-02,-9.943436384201049805e-01,-9.931951761245727539e-02,7.420389652252197266e-01,-8.658638596534729004e-01,-8.206453919410705566e-02,4.935030043125152588e-01,1.169365644454956055e-01,-4.988621771335601807e-01,6.742471456527709961e-02,-8.640546202659606934e-01,6.023992784321308136e-03,0.000000000000000000e+00,0.000000000000000000e+00,0.000000000000000000e+00,1.000000000000000000e+00
3.660965710878372192e-02,9.918519854545593262e-01,1.220220029354095459e-01,7.403472065925598145e-01,5.051301717758178711e-01,8.699008822441101074e-02,-8.586478829383850098e-01,1.499977111816406250e-01,-8.622663617134094238e-01,9.307180345058441162e-02,-4.978297054767608643e-01,-2.361255697906017303e-02,0.000000000000000000e+00,0.000000000000000000e+00,0.000000000000000000e+00,1.000000000000000000e+00
1.012037023901939392e-01,-9.889370799064636230e-01,-1.084496155381202698e-01,7.439449429512023926e-01,-8.631253242492675781e-01,-3.306891769170761108e-02,-5.039058923721313477e-01,7.452148199081420898e-02,4.947448968887329102e-01,1.446027606725692749e-01,-8.569232821464538574e-01,2.671906724572181702e-02,0.000000000000000000e+00,0.000000000000000000e+00,0.000000000000000000e+00,1.000000000000000000e+00
-1.071018874645233154e-01,-9.890694618225097656e-01,-1.013451442122459412e-01,7.443990111351013184e-01,-5.039597749710083008e-01,-3.386234864592552185e-02,8.630630970001220703e-01,5.496764183044433594e-02,-8.570610880851745605e-01,1.435095518827438354e-01,-4.948244690895080566e-01,2.917193248867988586e-02,0.000000000000000000e+00,0.000000000000000000e+00,0.000000000000000000e+00,1.000000000000000000e+00
-9.810785204172134399e-02,9.095841646194458008e-01,4.037716388702392578e-01,7.446147799491882324e-01,4.329971596598625183e-02,-4.014432430267333984e-01,9.148598313331604004e-01,3.493463993072509766e-02,9.942333698272705078e-01,1.072381287813186646e-01,3.203403697039491080e-16,-4.357225261628627777e-03,0.000000000000000000e+00,0.000000000000000000e+00,0.000000000000000000e+00,1.000000000000000000e+00
6.989706307649612427e-02,9.974659085273742676e-01,-1.327138673514127731e-02,7.392206192016601562e-01,8.632801175117492676e-01,-6.714976578950881958e-02,-5.002382993698120117e-01,1.713749766349792480e-01,-4.998618066310882568e-01,2.350826375186443329e-02,-8.657860755920410156e-01,2.168552950024604797e-02,0.000000000000000000e+00,0.000000000000000000e+00,0.000000000000000000e+00,1.000000000000000000e+00
