-2.792137563228607178e-01,9.534113407135009766e-01,-1.142213419079780579e-01,7.393966317176818848e-01,8.200573921203613281e-01,2.986450493335723877e-01,4.881771802902221680e-01,1.689137220382690430e-01,4.995453059673309326e-01,4.263772815465927124e-02,-8.652378320693969727e-01,4.518468864262104034e-03,0.000000000000000000e+00,0.000000000000000000e+00,0.000000000000000000e+00,1.000000000000000000e+00
5.572147667407989502e-02,9.856343865394592285e-01,1.594364494085311890e-01,7.416971325874328613e-01,8.682083487510681152e-01,3.102540038526058197e-02,-4.952289760112762451e-01,1.253493428230285645e-01,-4.930612742900848389e-01,1.660189479589462280e-01,-8.540071845054626465e-01,2.294481918215751648e-02,0.000000000000000000e+00,0.000000000000000000e+00,0.000000000000000000e+00,1.000000000000000000e+00
1.003458201885223389e-01,-9.845748543739318848e-01,1.433284282684326172e-01,7.457326054573059082e-01,-4.900105297565460205e-01,-1.742781102657318115e-01,-8.541175723075866699e-01,1.656430959701538086e-02,8.659216761589050293e-01,1.547468360513448715e-02,-4.999401271343231201e-01,3.644295409321784973e-02,0.000000000000000000e+00,0.000000000000000000e+00,0.000000000000000000e+00,1.000000000000000000e+00
1.139956414699554443e-01,9.686532020568847656e-01,2.207170277833938599e-01,7.404425144195556641e-01,2.579698711633682251e-02,2.192042917013168335e-01,-9.753378629684448242e-01,1.424474120140075684e-01,-9.931462407112121582e-01,1.168780997395515442e-01,0.000000000000000000e+00,-3.475775942206382751e-02,0.000000000000000000e+00,0.000000000000000000e+00,0.000000000000000000e+00,1.000000000000000000e+00
6.715179234743118286e-02,-9.928997159004211426e-01,-9.818753600120544434e-02,7.457574605941772461e-01,-5.041232705116271973e-01,5.115941539406776428e-02,-8.621150851249694824e-01,4.525125026702880859e-03,8.610170483589172363e-01,1.073912009596824646e-01,-4.971084296703338623e-01,3.059446439146995544e-02,0.000000000000000000e+00,0.000000000000000000e+00,0.000000000000000000e+00,1.000000000000000000e+00
-2.187743335962295532e-01,9.713905453681945801e-01,-9.240248799324035645e-02,7.463017106056213379e-01,-2.030215039849281311e-02,9.014455974102020264e-02,9.957217574119567871e-01,1.295417547225952148e-02,9.755642414093017578e-01,2.197143286466598511e-01,-1.084617748025251075e-16,-3.369431942701339722e-02,0.000000000000000000e+00,0.000000000000000000e+00,0.000000000000000000e+00,1.000000000000000000e+00
4.700175672769546509e-02,-9.984676837921142578e-01,-2.920870855450630188e-02,7.451567649841308594e-01,-9.988948106765747070e-01,-4.698165878653526306e-02,-1.374379498884081841e-03,1.633465290069580078e-02,1.290200585257750276e-16,2.924102544784545898e-02,-9.995723962783813477e-01,6.133996066637337208e-04,0.000000000000000000e+00,0.000000000000000000e+00,0.000000000000000000e+00,1.000000000000000000e+00
2.960274517536163330e-01,-9.511401653289794922e-01,8.775074779987335205e-02,7.400718331336975098e-01,2.607722394168376923e-02,-8.378646522760391235e-02,-9.961424469947814941e-01,1.666711568832397461e-01,9.548233747482299805e-01,2.971737980842590332e-01,2.932322184275980986e-16,3.662507608532905579e-02,0.000000000000000000e+00,0.000000000000000000e+00,0.000000000000000000e+00,1.000000000000000000e+00
1.355048269033432007e-01,-9.604680538177490234e-01,-2.431862950325012207e-01,7.456262111663818359e-01,-8.585156202316284180e-01,-2.363439351320266724e-01,4.550741016864776611e-01,1.019525527954101562e-02,-4.945597350597381592e-01,1.471145004034042358e-01,-8.566026091575622559e-01,-2.120780386030673981e-02,0.000000000000000000e+00,0.000000000000000000e+00,0.000000000000000000e+00,1.000000000000000000e+00
4.704336076974868774e-02,-9.987301826477050781e-01,-1.802519336342811584e-02,7.410700321197509766e-01,-8.649682998657226562e-01,-3.170382231473922729e-02,-5.008240342140197754e-01,1.442741751670837402e-01,4.996166527271270752e-01,3.915166854858398438e-02,-8.653613924980163574e-01,2.069527283310890198e-02,0.000000000000000000e+00,0.000000000000000000e+00,0.000000000000000000e+00,1.000000000000000000e+00
-9.681122750043869019e-02,-9.951871037483215332e-01,-1.517251040786504745e-02,7.421814799308776855e-01,-9.953027367591857910e-01,9.679998457431793213e-02,1.475801574997603893e-03,1.102574467658996582e-01,-7.611099250848241127e-17,1.524411514401435852e-02,-9.998838305473327637e-01,3.807402029633522034e-02,0.000000000000000000e+00,0.000000000000000000e+00,0.000000000000000000e+00,1.000000000000000000e+00
-1.920627616345882416e-02,-9.868167638778686523e-01,-1.606976538896560669e-01,7.452443838119506836e-01,-5.067600011825561523e-01,-1.289439052343368530e-01,8.523894548416137695e-01,3.962039947509765625e-02,-8.618732094764709473e-01,9.780637174844741821e-02,-4.976027309894561768e-01,3.961804136633872986e-02,0.000000000000000000e+00,0.000000000000000000e+00,0.000000000000000000e+00,1.000000000000000000e+00
1.742989718914031982e-01,-9.845748543739318848e-01,-1.523780915886163712e-02,7.457326054573059082e-01,-9.846927523612976074e-01,-1.742781102657318115e-01,-2.697221469134092331e-03,1.656430959701538086e-02,-1.144917494144692682e-16,1.547468360513448715e-02,-9.998802542686462402e-01,3.644295409321784973e-02,0.000000000000000000e+00,0.000000000000000000e+00,0.000000000000000000e+00,1.000000000000000000e+00
-1.343732178211212158e-01,-9.905142188072204590e-01,-2.872938476502895355e-02,7.453582286834716797e-01,-8.567877411842346191e-01,1.015681251883506775e-01,5.055677294731140137e-01,1.894849538803100586e-02,-4.978540241718292236e-01,9.254974126815795898e-02,-8.623085021972656250e-01,2.087910100817680359e-02,0.000000000000000000e+00,0.000000000000000000e+00,0.000000000000000000e+00,1.000000000000000000e+00
-8.584980852901935577e-03,-9.506306052207946777e-01,3.102059066295623779e-01,7.449712157249450684e-01,2.801301656290888786e-03,3.101932406425476074e-01,9.506694078445434570e-01,2.640587091445922852e-02,-9.999592304229736328e-01,9.030459448695182800e-03,0.000000000000000000e+00,-1.744549022987484932e-03,0.000000000000000000e+00,0.000000000000000000e+00,0.000000000000000000e+00,1.000000000000000000e+00
-1.968925595283508301e-01,-9.618200063705444336e-01,-1.900936365127563477e-01,7.452927231788635254e-01,-3.812316060066223145e-02,-1.862316131591796875e-01,9.817659854888916016e-01,1.879423856735229492e-02,-9.796835780143737793e-01,2.005493938922882080e-01,0.000000000000000000e+00,1.086448226124048233e-02,0.000000000000000000e+00,0.000000000000000000e+00,0.000000000000000000e+00,1.000000000000000000e+00
-1.523704826831817627e-01,9.883207678794860840e-01,2.296984195709228516e-03,7.409170269966125488e-01,8.534269928932189941e-01,1.304009258747100830e-01,5.046364665031433105e-01,1.435347795486450195e-01,4.984431564807891846e-01,7.885201275348663330e-02,-8.633288741111755371e-01,2.988779917359352112e-02,0.000000000000000000e+00,0.000000000000000000e+00,0.000000000000000000e+00,1.000000000000000000e+00
-3.859347105026245117e-02,-9.986766576766967773e-01,-3.399148583412170410e-02,7.415213584899902344e-01,-8.655081987380981445e-01,1.640766113996505737e-02,5.006259083747863770e-01,1.323339343070983887e-01,-4.994057416915893555e-01,4.874080419540405273e-02,-8.649960756301879883e-01,1.800226047635078430e-02,0.000000000000000000e+00,0.000000000000000000e+00,0.000000000000000000e+00,1.000000000000000000e+00
-5.085005760192871094e-01,8.596671223640441895e-01,4.898512735962867737e-02,7.458809018135070801e-01,8.610616326332092285e-01,5.076770782470703125e-01,2.892820537090301514e-02,1.733583211898803711e-02,-1.387778780781445676e-16,5.688922479748725891e-02,-9.983804821968078613e-01,2.991330251097679138e-02,0.000000000000000000e+00,0.000000000000000000e+00,0.000000000000000000e+00,1.000000000000000000e+00
1.716502569615840912e-02,9.902316331863403320e-01,1.383714973926544189e-01,7.446592450141906738e-01,5.019516944885253906e-01,-1.282229721546173096e-01,8.553381562232971191e-01,4.160171747207641602e-02,8.647252917289733887e-01,5.477390810847282410e-02,-4.992493987083435059e-01,3.876712545752525330e-02,0.000000000000000000e+00,0.000000000000000000e+00,0.000000000000000000e+00,1.000000000000000000e+00
-2.793913781642913818e-01,-9.473307728767395020e-01,-1.565401107072830200e-01,7.451962232589721680e-01,-4.988509416580200195e-01,3.910596482455730438e-03,8.666789531707763672e-01,2.449756860733032227e-02,-8.204195499420166016e-01,3.202328085899353027e-01,-4.736694395542144775e-01,1.449922937899827957e-02,0.000000000000000000e+00,0.000000000000000000e+00,0.000000000000000000e+00,1.000000000000000000e+00
2.240080982446670532e-01,-9.511401653289794922e-01,-2.124919146299362183e-01,7.400718331336975098e-01,-8.496460914611816406e-01,-8.378646522760391235e-02,-5.206547975540161133e-01,1.666711568832397461e-01,4.774116873741149902e-01,2.971737980842590332e-01,-8.269013166427612305e-01,3.662507608532905579e-02,0.000000000000000000e+00,0.000000000000000000e+00,0.000000000000000000e+00,1.000000000000000000e+00
2.296984195709228516e-03,9.883207678794860840e-01,1.523704826831817627e-01,7.409170269966125488e-01,5.046364665031433105e-01,1.304009258747100830e-01,-8.534269928932189941e-01,1.435347795486450195e-01,-8.633288741111755371e-01,7.885201275348663330e-02,-4.984431564807891846e-01,2.988779917359352112e-02,0.000000000000000000e+00,0.000000000000000000e+00,0.000000000000000000e+00,1.000000000000000000e+00
-1.307353079319000244e-01,-9.905142188072204590e-01,4.230622947216033936e-02,7.453582286834716797e-01,-4.892160892486572266e-01,1.015681251883506775e-01,8.662283420562744141e-01,1.894849538803100586e-02,-8.623085021972656250e-01,9.254974126815795898e-02,-4.978540241718292236e-01,2.087910100817680359e-02,0.000000000000000000e+00,0.000000000000000000e+00,0.000000000000000000e+00,1.000000000000000000e+00
-2.966726720333099365e-01,8.596671223640441895e-01,-4.158818721771240234e-01,7.458809018135070801e-01,4.054782688617706299e-01,5.076770782470703125e-01,7.601653337478637695e-01,1.733583211898803711e-02,8.646228909492492676e-01,5.688922479748725891e-02,-4.991902410984039307e-01,2.991330251097679138e-02,0.000000000000000000e+00,0.000000000000000000e+00,0.000000000000000000e+00,1.000000000000000000e+00
5.994983017444610596e-02,-9.902597665786743164e-01,-1.256644725799560547e-01,7.421076893806457520e-01,-4.964847564697265625e-01,-1.387951076030731201e-01,8.568773865699768066e-01,1.112599968910217285e-01,-8.659728169441223145e-01,1.102084107697010040e-02,-4.999696314334869385e-01,3.926784172654151917e-02,0.000000000000000000e+00,0.000000000000000000e+00,0.000000000000000000e+00,1.000000000000000000e+00
-1.832199692726135254e-01,-8.808041810989379883e-01,-4.365941584110260010e-01,7.466813921928405762e-01,-8.785126805305480957e-01,-5.261060595512390137e-02,4.748132824897766113e-01,2.668446302413940430e-02,-4.411869943141937256e-01,4.705487787723541260e-01,-7.641583085060119629e-01,3.211996331810951233e-02,0.000000000000000000e+00,0.000000000000000000e+00,0.000000000000000000e+00,1.000000000000000000e+00
4.350090920925140381e-01,8.999451398849487305e-01,-2.942509576678276062e-02,7.447648644447326660e-01,7.560775279998779297e-01,-3.828240633010864258e-01,-5.308413505554199219e-01,1.814383268356323242e-02,-4.889927208423614502e-01,2.086731493473052979e-01,-8.469602465629577637e-01,1.054235268384218216e-02,0.000000000000000000e+00,0.000000000000000000e+00,0.000000000000000000e+00,1.000000000000000000e+00
1.427129954099655151e-01,9.876067638397216797e-01,-6.531414389610290527e-02,7.441650032997131348e-01,8.542184233665466309e-01,-1.562326252460479736e-01,-4.958853721618652344e-01,6.006079912185668945e-02,-4.999439120292663574e-01,1.497674081474542618e-02,-8.659282922744750977e-01,2.821836248040199280e-02,0.000000000000000000e+00,0.000000000000000000e+00,0.000000000000000000e+00,1.000000000000000000e+00
-2.282077223062515259e-01,9.715932011604309082e-01,-6.267245858907699585e-02,7.399045228958129883e-01,4.682601690292358398e-01,1.659663170576095581e-01,8.678638339042663574e-01,1.618746519088745117e-01,8.536121249198913574e-01,1.687062084674835205e-01,-4.928331971168518066e-01,3.014222905039787292e-02,0.000000000000000000e+00,0.000000000000000000e+00,0.000000000000000000e+00,1.000000000000000000e+00
-9.818753600120544434e-02,-9.928997159004211426e-01,-6.715179234743118286e-02,7.457574605941772461e-01,-8.621150851249694824e-01,5.115941539406776428e-02,5.041232705116271973e-01,4.525125026702880859e-03,-4.971084296703338623e-01,1.073912009596824646e-01,-8.610170483589172363e-01,3.059446439146995544e-02,0.000000000000000000e+00,0.000000000000000000e+00,0.000000000000000000e+00,1.000000000000000000e+00
-1.754659041762351990e-02,-9.983951449394226074e-01,-5.384479463100433350e-02,7.451388835906982422e-01,-5.010234117507934570e-01,-3.782402351498603821e-02,8.646067380905151367e-01,2.812606096267700195e-02,-8.652558326721191406e-01,4.214840382337570190e-02,-4.995556771755218506e-01,1.038340944796800613e-02,0.000000000000000000e+00,0.000000000000000000e+00,0.000000000000000000e+00,1.000000000000000000e+00
9.897090792655944824e-01,1.397006660699844360e-01,-3.097844682633876801e-02,7.508835196495056152e-01,-3.067437186837196350e-02,-4.329787567257881165e-03,-9.995200634002685547e-01,4.894328117370605469e-02,-1.397677510976791382e-01,9.901843070983886719e-01,0.000000000000000000e+00,-5.653567495755851269e-04,0.000000000000000000e+00,0.000000000000000000e+00,0.000000000000000000e+00,1.000000000000000000e+00
9.784252643585205078e-01,1.508530676364898682e-01,1.411641687154769897e-01,7.535067796707153320e-01,1.395156681537628174e-01,2.151044830679893494e-02,-9.899861812591552734e-01,3.856897354125976562e-03,-1.523789614439010620e-01,9.883221387863159180e-01,0.000000000000000000e+00,-9.465694311074912548e-04,0.000000000000000000e+00,0.000000000000000000e+00,0.000000000000000000e+00,1.000000000000000000e+00
1.815125718712806702e-02,9.866536259651184082e-01,1.618183404207229614e-01,7.421760559082031250e-01,8.690572381019592285e-01,6.445678323507308960e-02,-4.904944300651550293e-01,9.797650575637817383e-02,-4.943784177303314209e-01,1.495324969291687012e-01,-8.562884926795959473e-01,3.815692290663719177e-02,0.000000000000000000e+00,0.000000000000000000e+00,0.000000000000000000e+00,1.000000000000000000e+00
-2.043254524469375610e-01,9.763831496238708496e-01,-7.019329816102981567e-02,7.399698495864868164e-01,8.418427109718322754e-01,2.118575721979141235e-01,4.964042305946350098e-01,1.598942875862121582e-01,4.995517134666442871e-01,4.233630374073982239e-02,-8.652489185333251953e-01,5.813152529299259186e-03,0.000000000000000000e+00,0.000000000000000000e+00,0.000000000000000000e+00,1.000000000000000000e+00
-4.861231744289398193e-01,-4.588379859924316406e-01,-7.437418699264526367e-01,7.588347792625427246e-01,-7.586321830749511719e-01,-2.008722722530364990e-01,6.197802424430847168e-01,1.329417824745178223e-01,-4.337758421897888184e-01,8.655160665512084961e-01,-2.504405975341796875e-01,3.891413286328315735e-02,0.000000000000000000e+00,0.000000000000000000e+00,0.000000000000000000e+00,1.000000000000000000e+00
6.116040423512458801e-02,9.922887682914733887e-01,1.078075245022773743e-01,7.429005503654479980e-01,9.981279373168945312e-01,-6.080260872840881348e-02,-6.605918519198894501e-03,9.220337867736816406e-02,-1.795438797635995343e-16,1.080097183585166931e-01,-9.941498637199401855e-01,6.710634566843509674e-03,0.000000000000000000e+00,0.000000000000000000e+00,0.000000000000000000e+00,1.000000000000000000e+00
-9.698195010423660278e-02,-9.868167638778686523e-01,-1.295651197433471680e-01,7.452443838119506836e-01,-1.267229393124580383e-02,-1.289439052343368530e-01,9.915708899497985840e-01,3.962039947509765625e-02,-9.952054619789123535e-01,9.780637174844741821e-02,0.000000000000000000e+00,3.961804136633872986e-02,0.000000000000000000e+00,0.000000000000000000e+00,0.000000000000000000e+00,1.000000000000000000e+00
-1.371981352567672729e-01,9.793587923049926758e-01,-1.484354138374328613e-01,7.451230883598327637e-01,4.824197590351104736e-01,1.969437897205352783e-01,8.535129427909851074e-01,2.804982662200927734e-02,8.651288151741027832e-01,4.549220204353332520e-02,-4.994823336601257324e-01,-2.000689320266246796e-02,0.000000000000000000e+00,0.000000000000000000e+00,0.000000000000000000e+00,1.000000000000000000e+00
4.934534430503845215e-02,9.850268363952636719e-01,1.651883423328399658e-01,7.431253194808959961e-01,5.094240903854370117e-01,1.174378842115402222e-01,-8.524643182754516602e-01,7.448697090148925781e-02,-8.590996265411376953e-01,1.262160688638687134e-01,-4.960013926029205322e-01,3.838188573718070984e-02,0.000000000000000000e+00,0.000000000000000000e+00,0.000000000000000000e+00,1.000000000000000000e+00
1.147503107786178589e-01,-9.902597665786743164e-01,-7.885370403528213501e-02,7.421076893806457520e-01,-8.584070801734924316e-01,-1.387951076030731201e-01,4.938351809978485107e-01,1.112599968910217285e-01,-4.999696314334869385e-01,1.102084107697010040e-02,-8.659728169441223145e-01,3.926784172654151917e-02,0.000000000000000000e+00,0.000000000000000000e+00,0.000000000000000000e+00,1.000000000000000000e+00
-2.990575507283210754e-02,-9.904566407203674316e-01,-1.345411539077758789e-01,7.461178302764892578e-01,-8.680058121681213379e-01,-4.101172089576721191e-02,4.948575198650360107e-01,1.669633388519287109e-02,-4.956526756286621094e-01,1.315815895795822144e-01,-8.584955930709838867e-01,3.431030735373497009e-02,0.000000000000000000e+00,0.000000000000000000e+00,0.000000000000000000e+00,1.000000000000000000e+00
-1.205203384160995483e-01,9.905182123184204102e-01,6.594295054674148560e-02,7.412695884704589844e-01,8.596140742301940918e-01,7.090615481138229370e-02,5.059999823570251465e-01,1.353935599327087402e-01,4.965264499187469482e-01,1.176687777042388916e-01,-8.600090146064758301e-01,7.758797146379947662e-03,0.000000000000000000e+00,0.000000000000000000e+00,0.000000000000000000e+00,1.000000000000000000e+00
2.227607183158397675e-02,-9.995669126510620117e-01,-1.922975108027458191e-02,7.451432347297668457e-01,-8.657432794570922852e-01,-2.890608087182044983e-02,4.996529221534729004e-01,1.623189449310302734e-02,-4.999924004077911377e-01,5.517723038792610168e-03,-8.660122156143188477e-01,-6.413429044187068939e-03,0.000000000000000000e+00,0.000000000000000000e+00,0.000000000000000000e+00,1.000000000000000000e+00
-1.636899858713150024e-01,-9.473307728767395020e-01,-2.752633988857269287e-01,7.451962232589721680e-01,-8.653570413589477539e-01,3.910596482455730438e-03,5.011405348777770996e-01,2.449756860733032227e-02,-4.736694395542144775e-01,3.202328085899353027e-01,-8.204195499420166016e-01,1.449922937899827957e-02,0.000000000000000000e+00,0.000000000000000000e+00,0.000000000000000000e+00,1.000000000000000000e+00
2.505384944379329681e-02,9.996660947799682617e-01,-6.328351795673370361e-03,7.403614521026611328e-01,4.996298551559448242e-01,-1.800434477627277374e-02,-8.660518527030944824e-01,1.507351994514465332e-01,-8.658766150474548340e-01,1.853610016405582428e-02,-4.999141097068786621e-01,-3.139510378241539001e-02,0.000000000000000000e+00,0.000000000000000000e+00,0.000000000000000000e+00,1.000000000000000000e+00
-1.936507876962423325e-03,9.920615553855895996e-01,1.257383227348327637e-01,7.440276741981506348e-01,8.677098155021667480e-01,6.416763365268707275e-02,-4.929119348526000977e-01,5.810564756393432617e-02,-4.970673024654388428e-01,1.081498488783836365e-01,-8.609458208084106445e-01,1.191891822963953018e-02,0.000000000000000000e+00,0.000000000000000000e+00,0.000000000000000000e+00,1.000000000000000000e+00
-7.546714693307876587e-02,-9.618200063705444336e-01,-2.630721926689147949e-01,7.452927231788635254e-01,-5.238986015319824219e-01,-1.862316131591796875e-01,8.311727046966552734e-01,1.879423856735229492e-02,-8.484308719635009766e-01,2.005493938922882080e-01,-4.898417890071868896e-01,1.086448226124048233e-02,0.000000000000000000e+00,0.000000000000000000e+00,0.000000000000000000e+00,1.000000000000000000e+00
-1.226487755775451660e-01,-9.917597770690917969e-01,-3.701156005263328552e-02,7.443864345550537109e-01,-4.542535170912742615e-03,-3.673174604773521423e-02,9.993148446083068848e-01,4.052966833114624023e-02,-9.924397468566894531e-01,1.227328702807426453e-01,0.000000000000000000e+00,-3.372630476951599121e-02,0.000000000000000000e+00,0.000000000000000000e+00,0.000000000000000000e+00,1.000000000000000000e+00
-2.595331370830535889e-01,9.609269499778747559e-01,-9.623891860246658325e-02,7.452297210693359375e-01,-2.509366720914840698e-02,9.290983527898788452e-02,9.953582882881164551e-01,3.892648220062255859e-02,9.654081463813781738e-01,2.607434391975402832e-01,-1.165565642769690363e-16,-2.110608108341693878e-02,0.000000000000000000e+00,0.000000000000000000e+00,0.000000000000000000e+00,1.000000000000000000e+00
-4.648669958114624023e-01,8.596671223640441895e-01,-2.118279337882995605e-01,7.458809018135070801e-01,7.312371730804443359e-01,5.076770782470703125e-01,4.555833637714385986e-01,1.733583211898803711e-02,4.991902410984039307e-01,5.688922479748725891e-02,-8.646228909492492676e-01,2.991330251097679138e-02,0.000000000000000000e+00,0.000000000000000000e+00,0.000000000000000000e+00,1.000000000000000000e+00
1.360907256603240967e-01,-9.836657643318176270e-01,1.178175210952758789e-01,7.400282621383666992e-01,1.614632643759250641e-02,-1.167058870196342468e-01,-9.930352568626403809e-01,1.547325253486633301e-01,9.905648231506347656e-01,1.370452046394348145e-01,-5.644005520682017583e-16,-3.156509995460510254e-02,0.000000000000000000e+00,0.000000000000000000e+00,0.000000000000000000e+00,1.000000000000000000e+00
-2.920870855450630188e-02,-9.984676837921142578e-01,-4.700175672769546509e-02,7.451567649841308594e-01,-1.374379498884081841e-03,-4.698165878653526306e-02,9.988948106765747070e-01,1.633465290069580078e-02,-9.995723962783813477e-01,2.924102544784545898e-02,0.000000000000000000e+00,6.133996066637337208e-04,0.000000000000000000e+00,0.000000000000000000e+00,0.000000000000000000e+00,1.000000000000000000e+00
-1.853167824447154999e-02,9.998263716697692871e-01,1.964476192370057106e-03,7.453858852386474609e-01,4.998741149902343750e-01,7.563455495983362198e-03,8.660650253295898438e-01,2.284705638885498047e-02,8.658998012542724609e-01,1.703162863850593567e-02,-4.999274611473083496e-01,-3.188077360391616821e-02,0.000000000000000000e+00,0.000000000000000000e+00,0.000000000000000000e+00,1.000000000000000000e+00
-4.430278763175010681e-02,9.919173121452331543e-01,1.189005374908447266e-01,7.421397566795349121e-01,8.671521544456481934e-01,-2.091716974973678589e-02,4.976038336753845215e-01,1.075920462608337402e-01,4.960689246654510498e-01,1.251500993967056274e-01,-8.592165708541870117e-01,2.706052735447883606e-02,0.000000000000000000e+00,0.000000000000000000e+00,0.000000000000000000e+00,1.000000000000000000e+00
-2.120476812124252319e-01,9.763831496238708496e-01,4.137354716658592224e-02,7.399698495864868164e-01,9.772593379020690918e-01,2.118575721979141235e-01,8.977315388619899750e-03,1.598942875862121582e-01,2.567390744445674500e-16,4.233630374073982239e-02,-9.991034269332885742e-01,5.813152529299259186e-03,0.000000000000000000e+00,0.000000000000000000e+00,0.000000000000000000e+00,1.000000000000000000e+00
-9.338276833295822144e-02,-9.945214986801147461e-01,-4.697546362876892090e-02,7.398970127105712891e-01,-9.956302642822265625e-01,9.327877312898635864e-02,4.405951593071222305e-03,1.643605828285217285e-01,-1.370431546021677605e-16,4.718163609504699707e-02,-9.988863468170166016e-01,3.305944427847862244e-02,0.000000000000000000e+00,0.000000000000000000e+00,0.000000000000000000e+00,1.000000000000000000e+00
-1.468514204025268555e-01,-9.733902215957641602e-01,1.759152561426162720e-01,7.449910044670104980e-01,2.624265104532241821e-02,1.739468425512313843e-01,9.844053387641906738e-01,1.593285799026489258e-02,-9.888103604316711426e-01,1.491777896881103516e-01,0.000000000000000000e+00,1.443078834563493729e-02,0.000000000000000000e+00,0.000000000000000000e+00,0.000000000000000000e+00,1.000000000000000000e+00
-1.920216679573059082e-01,8.999451398849487305e-01,3.914414644241333008e-01,7.447648644447326660e-01,8.168332278728485107e-02,-3.828240633010864258e-01,9.202030301094055176e-01,1.814383268356323242e-02,9.779854416847229004e-01,2.086731493473052979e-01,-1.034678339816362633e-16,1.054235268384218216e-02,0.000000000000000000e+00,0.000000000000000000e+00,0.000000000000000000e+00,1.000000000000000000e+00
7.885370403528213501e-02,-9.902597665786743164e-01,1.147503107786178589e-01,7.421076893806457520e-01,-4.938351809978485107e-01,-1.387951076030731201e-01,-8.584070801734924316e-01,1.112599968910217285e-01,8.659728169441223145e-01,1.102084107697010040e-02,-4.999696314334869385e-01,3.926784172654151917e-02,0.000000000000000000e+00,0.000000000000000000e+00,0.000000000000000000e+00,1.000000000000000000e+00
-1.534276548773050308e-02,-9.950579404830932617e-01,-9.810322523117065430e-02,7.413941025733947754e-01,-8.671288490295410156e-01,-3.561042249202728271e-02,4.968092441558837891e-01,1.351792812347412109e-01,-4.978474676609039307e-01,9.269057214260101318e-02,-8.622971177101135254e-01,3.843532130122184753e-02,0.000000000000000000e+00,0.000000000000000000e+00,0.000000000000000000e+00,1.000000000000000000e+00
6.486266106367111206e-02,9.974198937416076660e-01,-3.076432831585407257e-02,7.420606017112731934e-01,8.635978698730468750e-01,-7.155366986989974976e-02,-4.990779757499694824e-01,1.216729283332824707e-01,-4.999915659427642822e-01,5.803516600281000137e-03,-8.660108447074890137e-01,1.603933796286582947e-02,0.000000000000000000e+00,0.000000000000000000e+00,0.000000000000000000e+00,1.000000000000000000e+00
-1.629519015550613403e-01,9.763831496238708496e-01,1.418543905019760132e-01,7.399698495864868164e-01,8.508200645446777344e-01,2.118575721979141235e-01,-4.808550775051116943e-01,1.598942875862121582e-01,-4.995517134666442871e-01,4.233630374073982239e-02,-8.652489185333251953e-01,5.813152529299259186e-03,0.000000000000000000e+00,0.000000000000000000e+00,0.000000000000000000e+00,1.000000000000000000e+00
-1.551303863525390625e-01,-9.876053333282470703e-01,2.388137765228748322e-02,7.450318336486816406e-01,3.705783979967236519e-03,2.359210327267646790e-02,9.997147917747497559e-01,3.757643699645996094e-02,-9.878870248794555664e-01,1.551746279001235962e-01,0.000000000000000000e+00,9.835083968937397003e-03,0.000000000000000000e+00,0.000000000000000000e+00,0.000000000000000000e+00,1.000000000000000000e+00
-2.151346802711486816e-01,-9.733902215957641602e-01,7.892137765884399414e-02,7.449910044670104980e-01,-4.694758653640747070e-01,1.739468425512313843e-01,8.656413555145263672e-01,1.593285799026489258e-02,-8.563349246978759766e-01,1.491777896881103516e-01,-4.944051802158355713e-01,1.443078834563493729e-02,0.000000000000000000e+00,0.000000000000000000e+00,0.000000000000000000e+00,1.000000000000000000e+00
9.662862122058868408e-02,9.866536259651184082e-01,1.310631632804870605e-01,7.421760559082031250e-01,5.073784589767456055e-01,6.445678323507308960e-02,-8.593092560768127441e-01,9.797650575637817383e-02,-8.562884926795959473e-01,1.495324969291687012e-01,-4.943784177303314209e-01,3.815692290663719177e-02,0.000000000000000000e+00,0.000000000000000000e+00,0.000000000000000000e+00,1.000000000000000000e+00
-1.031370162963867188e-01,-9.946653246879577637e-01,1.919381204061210155e-03,7.450673580169677734e-01,-8.602270483970642090e-01,9.016554057598114014e-02,5.018761157989501953e-01,1.113176345825195312e-02,-4.993718266487121582e-01,5.011090263724327087e-02,-8.649373650550842285e-01,-1.089691277593374252e-02,0.000000000000000000e+00,0.000000000000000000e+00,0.000000000000000000e+00,1.000000000000000000e+00
1.767667829990386963e-01,-9.836657643318176270e-01,3.398760035634040833e-02,7.400282621383666992e-01,-4.825344979763031006e-01,-1.167058870196342468e-01,-8.680669069290161133e-01,1.547325253486633301e-01,8.578542470932006836e-01,1.370452046394348145e-01,-4.952824115753173828e-01,-3.156509995460510254e-02,0.000000000000000000e+00,0.000000000000000000e+00,0.000000000000000000e+00,1.000000000000000000e+00
2.641024999320507050e-02,9.995682239532470703e-01,1.287726964801549911e-02,7.417295575141906738e-01,9.996511936187744141e-01,-2.640805765986442566e-02,-3.402105940040200949e-04,1.184567809104919434e-01,1.824712256293103962e-16,1.288176327943801880e-02,-9.999170303344726562e-01,4.144382104277610779e-02,0.000000000000000000e+00,0.000000000000000000e+00,0.000000000000000000e+00,1.000000000000000000e+00
-2.503121271729469299e-02,-9.958972334861755371e-01,-8.696031570434570312e-02,7.453820109367370605e-01,-5.025636553764343262e-01,-6.266026943922042847e-02,8.622664809226989746e-01,1.838248968124389648e-02,-8.641777634620666504e-01,6.528666615486145020e-02,-4.989332854747772217e-01,1.657519862055778503e-02,0.000000000000000000e+00,0.000000000000000000e+00,0.000000000000000000e+00,1.000000000000000000e+00
-3.151895711198449135e-03,9.905182123184204102e-01,1.373451501131057739e-01,7.412695884704589844e-01,8.680158853530883789e-01,7.090615481138229370e-02,-4.914476275444030762e-01,1.353935599327087402e-01,-4.965264499187469482e-01,1.176687777042388916e-01,-8.600090146064758301e-01,7.758797146379947662e-03,0.000000000000000000e+00,0.000000000000000000e+00,0.000000000000000000e+00,1.000000000000000000e+00
6.531414389610290527e-02,9.876067638397216797e-01,1.427129954099655151e-01,7.441650032997131348e-01,4.958853721618652344e-01,-1.562326252460479736e-01,8.542184233665466309e-01,6.006079912185668945e-02,8.659282922744750977e-01,1.497674081474542618e-02,-4.999439120292663574e-01,2.821836248040199280e-02,0.000000000000000000e+00,0.000000000000000000e+00,0.000000000000000000e+00,1.000000000000000000e+00
1.572850197553634644e-01,9.875429868698120117e-01,-4.507455509155988693e-03,7.402602434158325195e-01,-7.089624996297061443e-04,-4.451351240277290344e-03,-9.999898672103881836e-01,1.514164805412292480e-01,-9.875530004501342773e-01,1.572866141796112061e-01,0.000000000000000000e+00,-4.028378799557685852e-02,0.000000000000000000e+00,0.000000000000000000e+00,0.000000000000000000e+00,1.000000000000000000e+00
-1.147913634777069092e-01,-9.714745283126831055e-01,-2.075095772743225098e-01,7.451738715171813965e-01,-9.933896064758300781e-01,1.122589558362960815e-01,2.397881634533405304e-02,1.004874706268310547e-02,-1.561251128379126385e-16,2.088904231786727905e-01,-9.779390692710876465e-01,1.148967910557985306e-02,0.000000000000000000e+00,0.000000000000000000e+00,0.000000000000000000e+00,1.000000000000000000e+00
-8.790750056505203247e-02,9.888159036636352539e-01,1.204798892140388489e-01,7.456435561180114746e-01,8.647376894950866699e-01,1.571444980800151825e-02,5.019778013229370117e-01,1.703876256942749023e-02,4.944703876972198486e-01,1.483111232519149780e-01,-8.564478158950805664e-01,-2.712635509669780731e-02,0.000000000000000000e+00,0.000000000000000000e+00,0.000000000000000000e+00,1.000000000000000000e+00
-2.600678056478500366e-02,-9.960675835609436035e-01,-8.469393849372863770e-02,7.455056309700012207e-01,-2.210559323430061340e-03,-8.466508984565734863e-02,9.964070320129394531e-01,1.465851068496704102e-02,-9.996592998504638672e-01,2.610055916011333466e-02,0.000000000000000000e+00,1.302864123135805130e-02,0.000000000000000000e+00,0.000000000000000000e+00,0.000000000000000000e+00,1.000000000000000000e+00
9.995038509368896484e-01,3.140269219875335693e-02,2.441164804622530937e-03,7.471860647201538086e-01,3.149743378162384033e-02,-9.964973926544189453e-01,-7.746515423059463501e-02,8.772677183151245117e-02,-1.079865363795562416e-16,7.750360667705535889e-02,-9.969920516014099121e-01,-3.797507286071777344e-02,0.000000000000000000e+00,0.000000000000000000e+00,0.000000000000000000e+00,1.000000000000000000e+00
8.475716412067413330e-02,-9.961488842964172363e-01,2.244272455573081970e-02,7.427138090133666992e-01,-4.957087337970733643e-01,-6.169447675347328186e-02,-8.662948012351989746e-01,9.406954050064086914e-02,8.643431663513183594e-01,6.229963526129722595e-02,-4.990287423133850098e-01,4.047880694270133972e-02,0.000000000000000000e+00,0.000000000000000000e+00,0.000000000000000000e+00,1.000000000000000000e+00
-9.542519450187683105e-01,7.283293455839157104e-02,2.899974882602691650e-01,7.497574687004089355e-01,2.919085323810577393e-01,1.689591258764266968e-02,9.562969803810119629e-01,1.578124165534973145e-01,6.475014239549636841e-02,9.972010254859924316e-01,-3.738351538777351379e-02,-1.744940178468823433e-03,0.000000000000000000e+00,0.000000000000000000e+00,0.000000000000000000e+00,1.000000000000000000e+00
2.053081989288330078e-03,9.995682239532470703e-01,2.931058220565319061e-02,7.417295575141906738e-01,5.001202225685119629e-01,-2.640805765986442566e-02,8.655532002449035645e-01,1.184567809104919434e-01,8.659535646438598633e-01,1.288176327943801880e-02,-4.999585151672363281e-01,4.144382104277610779e-02,0.000000000000000000e+00,0.000000000000000000e+00,0.000000000000000000e+00,1.000000000000000000e+00
2.157536521553993225e-02,-9.799032211303710938e-01,-1.983033120632171631e-01,7.422950267791748047e-01,-8.695411086082458496e-01,-1.162784397602081299e-01,4.799766242504119873e-01,1.112512350082397461e-01,-4.933890402317047119e-01,1.620772033929824829e-01,-8.545748591423034668e-01,2.943654730916023254e-02,0.000000000000000000e+00,0.000000000000000000e+00,0.000000000000000000e+00,1.000000000000000000e+00
-4.294906184077262878e-02,-9.988130331039428711e-01,2.297484502196311951e-02,7.449347376823425293e-01,-4.986500740051269531e-01,4.135763272643089294e-02,8.658161759376525879e-01,3.211760520935058594e-02,-8.657386898994445801e-01,2.572958543896675110e-02,-4.998344779014587402e-01,-4.021931812167167664e-02,0.000000000000000000e+00,0.000000000000000000e+00,0.000000000000000000e+00,1.000000000000000000e+00
-3.342620655894279480e-02,9.989848136901855469e-01,-3.020060062408447266e-02,7.445782423019409180e-01,-1.009952160529792309e-03,3.018370829522609711e-02,9.995438456535339355e-01,4.482120275497436523e-02,9.994406700134277344e-01,3.344145789742469788e-02,-5.658481313750593576e-16,-3.595150308683514595e-03,0.000000000000000000e+00,0.000000000000000000e+00,0.000000000000000000e+00,1.000000000000000000e+00
-9.550887346267700195e-02,9.838495254516601562e-01,1.513876020908355713e-01,7.416155934333801270e-01,8.617770075798034668e-01,1.578414887189865112e-01,-4.821062684059143066e-01,1.243982315063476562e-01,-4.982152581214904785e-01,8.441692590713500977e-02,-8.629341721534729004e-01,2.109214290976524353e-02,0.000000000000000000e+00,0.000000000000000000e+00,0.000000000000000000e+00,1.000000000000000000e+00
6.371570378541946411e-02,-9.868167638778686523e-01,-1.487713903188705444e-01,7.452443838119506836e-01,-8.650617599487304688e-01,-1.289439052343368530e-01,4.848109185695648193e-01,3.962039947509765625e-02,-4.976027309894561768e-01,9.780637174844741821e-02,-8.618732094764709473e-01,3.961804136633872986e-02,0.000000000000000000e+00,0.000000000000000000e+00,0.000000000000000000e+00,1.000000000000000000e+00
-2.257727980613708496e-01,-9.733902215957641602e-01,-3.921942412853240967e-02,7.449910044670104980e-01,-8.393986821174621582e-01,1.739468425512313843e-01,5.149294734001159668e-01,1.593285799026489258e-02,-4.944051802158355713e-01,1.491777896881103516e-01,-8.563349246978759766e-01,1.443078834563493729e-02,0.000000000000000000e+00,0.000000000000000000e+00,0.000000000000000000e+00,1.000000000000000000e+00
4.137354716658592224e-02,9.763831496238708496e-01,2.120476812124252319e-01,7.399698495864868164e-01,8.977315388619899750e-03,2.118575721979141235e-01,-9.772593379020690918e-01,1.598942875862121582e-01,-9.991034269332885742e-01,4.233630374073982239e-02,0.000000000000000000e+00,5.813152529299259186e-03,0.000000000000000000e+00,0.000000000000000000e+00,0.000000000000000000e+00,1.000000000000000000e+00
-3.526583686470985413e-02,-9.951871037483215332e-01,-9.142723679542541504e-02,7.421814799308776855e-01,-4.989294707775115967e-01,9.679998457431793213e-02,-8.612195849418640137e-01,1.102574467658996582e-01,8.659247756004333496e-01,1.524411514401435852e-02,-4.999419152736663818e-01,3.807402029633522034e-02,0.000000000000000000e+00,0.000000000000000000e+00,0.000000000000000000e+00,1.000000000000000000e+00
3.019822761416435242e-02,9.977051019668579102e-01,-6.060171499848365784e-02,7.415547966957092285e-01,-1.833434216678142548e-03,-6.057397276163101196e-02,-9.981620311737060547e-01,1.315716505050659180e-01,-9.995422363281250000e-01,3.025383315980434418e-02,0.000000000000000000e+00,-1.178420381620526314e-03,0.000000000000000000e+00,0.000000000000000000e+00,0.000000000000000000e+00,1.000000000000000000e+00
1.897255629301071167e-01,9.816240668296813965e-01,2.045400626957416534e-02,7.441475987434387207e-01,9.818371534347534180e-01,-1.896843910217285156e-01,-3.952435217797756195e-03,5.912971496582031250e-02,-1.279358563532895232e-16,2.083238027989864349e-02,-9.997829794883728027e-01,1.845497265458106995e-02,0.000000000000000000e+00,0.000000000000000000e+00,0.000000000000000000e+00,1.000000000000000000e+00
6.235704943537712097e-02,9.920541048049926758e-01,1.092714965343475342e-01,7.443289756774902344e-01,9.980539083480834961e-01,-6.198218837380409241e-02,-6.827134639024734497e-03,6.483334302902221680e-02,-2.515349040166370287e-16,1.094845682382583618e-01,-9.939885139465332031e-01,9.525449015200138092e-03,0.000000000000000000e+00,0.000000000000000000e+00,0.000000000000000000e+00,1.000000000000000000e+00
-1.006930172443389893e-01,-9.939613342285156250e-01,-4.360966384410858154e-02,7.453861832618713379e-01,-4.395370371639728546e-03,-4.338759928941726685e-02,9.990486502647399902e-01,2.095669507980346680e-02,-9.949078559875488281e-01,1.007889062166213989e-01,0.000000000000000000e+00,1.944132521748542786e-02,0.000000000000000000e+00,0.000000000000000000e+00,0.000000000000000000e+00,1.000000000000000000e+00
1.227234676480293274e-02,9.968766570091247559e-01,7.801496237516403198e-02,7.411283850669860840e-01,9.603536454960703850e-04,7.800905406475067139e-02,-9.969521760940551758e-01,1.311288475990295410e-01,-9.999242424964904785e-01,1.230986509472131729e-02,0.000000000000000000e+00,-2.370141260325908661e-02,0.000000000000000000e+00,0.000000000000000000e+00,0.000000000000000000e+00,1.000000000000000000e+00
2.244272455573081970e-02,-9.961488842964172363e-01,-8.475716412067413330e-02,7.427138090133666992e-01,-8.662948012351989746e-01,-6.169447675347328186e-02,4.957087337970733643e-01,9.406954050064086914e-02,-4.990287423133850098e-01,6.229963526129722595e-02,-8.643431663513183594e-01,4.047880694270133972e-02,0.000000000000000000e+00,0.000000000000000000e+00,0.000000000000000000e+00,1.000000000000000000e+00
1.585662364959716797e-01,-9.845748543739318848e-01,7.395315915346145630e-02,7.457326054573059082e-01,-8.514203429222106934e-01,-1.742781102657318115e-01,-4.946822524070739746e-01,1.656430959701538086e-02,4.999401271343231201e-01,1.547468360513448715e-02,-8.659216761589050293e-01,3.644295409321784973e-02,0.000000000000000000e+00,0.000000000000000000e+00,0.000000000000000000e+00,1.000000000000000000e+00
-1.692796796560287476e-01,-9.822706580162048340e-01,-8.055253326892852783e-02,7.456567287445068359e-01,-4.975363016128540039e-01,1.461711525917053223e-02,8.673200011253356934e-01,3.393071889877319336e-02,-8.507655262947082520e-01,1.868974566459655762e-01,-4.911897182464599609e-01,3.001818433403968811e-02,0.000000000000000000e+00,0.000000000000000000e+00,0.000000000000000000e+00,1.000000000000000000e+00
-9.584728628396987915e-02,9.865887761116027832e-01,1.321207731962203979e-01,7.447732686996459961e-01,1.277541089802980423e-02,-1.315016597509384155e-01,9.912336468696594238e-01,2.265286445617675781e-02,9.953140616416931152e-01,9.669495373964309692e-02,-5.656373789898706470e-16,-3.111499594524502754e-03,0.000000000000000000e+00,0.000000000000000000e+00,0.000000000000000000e+00,1.000000000000000000e+00
