8.244253993034362793e-01,-5.574106574058532715e-01,9.806188941001892090e-02,1.099522233009338379e+00,-3.666270673274993896e-01,-6.579688191413879395e-01,-6.577702164649963379e-01,-1.716136932373046875e-03,4.311698079109191895e-01,5.063303112983703613e-01,-7.468079924583435059e-01,-1.884148456156253815e-02,0.000000000000000000e+00,0.000000000000000000e+00,0.000000000000000000e+00,1.000000000000000000e+00
4.336262643337249756e-01,-5.886909961700439453e-01,6.822105050086975098e-01,1.107357263565063477e+00,4.045982956886291504e-01,-5.492826104164123535e-01,-7.311558127403259277e-01,-3.117322921752929688e-03,8.051512241363525391e-01,5.930695533752441406e-01,-1.333476424975258540e-16,-1.161992456763982773e-02,0.000000000000000000e+00,0.000000000000000000e+00,0.000000000000000000e+00,1.000000000000000000e+00
7.500714063644409180e-01,3.510861992835998535e-01,-5.604742169380187988e-01,1.098004817962646484e+00,-2.852852046489715576e-01,-5.928002595901489258e-01,-7.531269788742065430e-01,3.901064395904541016e-03,-5.966617465019226074e-01,7.247940301895141602e-01,-3.444828093051910400e-01,-1.196122821420431137e-02,0.000000000000000000e+00,0.000000000000000000e+00,0.000000000000000000e+00,1.000000000000000000e+00
-8.979016542434692383e-01,-3.781090974807739258e-01,-2.254020422697067261e-01,1.103945016860961914e+00,-4.401960670948028564e-01,7.712581753730773926e-01,4.597698152065277100e-01,1.863896846771240234e-03,-1.665334536937734811e-16,5.120491981506347656e-01,-8.589561581611633301e-01,-1.598142087459564209e-02,0.000000000000000000e+00,0.000000000000000000e+00,0.000000000000000000e+00,1.000000000000000000e+00
1.053578779101371765e-01,-1.297694295644760132e-01,-9.859308600425720215e-01,1.093217849731445312e+00,-6.214371919631958008e-01,7.654249668121337891e-01,-1.671537756919860840e-01,-3.674864768981933594e-03,7.763475179672241211e-01,6.303051114082336426e-01,-9.673046774472655418e-17,-1.300464104861021042e-02,0.000000000000000000e+00,0.000000000000000000e+00,0.000000000000000000e+00,1.000000000000000000e+00
-6.689548492431640625e-01,-5.602756738662719727e-01,-4.884572923183441162e-01,1.101984620094299316e+00,-5.555091500282287598e-01,8.134659528732299805e-01,-1.722865849733352661e-01,2.225518226623535156e-03,4.938713610172271729e-01,1.560905575752258301e-01,-8.554103374481201172e-01,-2.147825434803962708e-02,0.000000000000000000e+00,0.000000000000000000e+00,0.000000000000000000e+00,1.000000000000000000e+00
1.577988862991333008e-01,7.678277492523193359e-01,6.209186911582946777e-01,1.098511457443237305e+00,5.115212202072143555e-01,-6.014160513877868652e-01,6.137139201164245605e-01,-1.579046249389648438e-03,8.446570634841918945e-01,2.207697033882141113e-01,-4.876629710197448730e-01,-1.628796383738517761e-02,0.000000000000000000e+00,0.000000000000000000e+00,0.000000000000000000e+00,1.000000000000000000e+00
-5.510453581809997559e-01,-2.028064578771591187e-01,8.094556927680969238e-01,1.102206826210021973e+00,1.769646257162094116e-01,9.195539951324462891e-01,3.508617281913757324e-01,-4.887580871582031250e-04,-8.154952526092529297e-01,3.365857601165771484e-01,-4.708264172077178955e-01,-1.372327562421560287e-02,0.000000000000000000e+00,0.000000000000000000e+00,0.000000000000000000e+00,1.000000000000000000e+00
-3.163363635540008545e-01,7.056593298912048340e-01,6.340159177780151367e-01,1.102456688880920410e+00,2.593522667884826660e-01,-5.785435438156127930e-01,7.733199596405029297e-01,3.713488578796386719e-03,9.125062823295593262e-01,4.090626835823059082e-01,-5.382839322659507125e-16,-1.633088290691375732e-02,0.000000000000000000e+00,0.000000000000000000e+00,0.000000000000000000e+00,1.000000000000000000e+00
7.998611927032470703e-01,-1.743801683187484741e-01,-5.742940306663513184e-01,1.104492187500000000e+00,-4.119358360767364502e-01,-8.554036021232604980e-01,-3.139960765838623047e-01,-1.960158348083496094e-03,-4.364984929561614990e-01,4.877255558967590332e-01,-7.560375928878784180e-01,-1.816456392407417297e-02,0.000000000000000000e+00,0.000000000000000000e+00,0.000000000000000000e+00,1.000000000000000000e+00
-3.775658309459686279e-01,-9.164025783538818359e-01,-1.328547745943069458e-01,1.100439548492431641e+00,-5.061005428433418274e-02,-1.228373423218727112e-01,9.911355376243591309e-01,2.103865146636962891e-03,-9.245986342430114746e-01,3.809427022933959961e-01,0.000000000000000000e+00,-1.462975796312093735e-02,0.000000000000000000e+00,0.000000000000000000e+00,0.000000000000000000e+00,1.000000000000000000e+00
-1.323785781860351562e-01,9.761317372322082520e-01,1.721706688404083252e-01,1.100274801254272461e+00,8.625967502593994141e-01,2.788762189447879791e-02,5.051228404045104980e-01,5.097985267639160156e-04,4.882650077342987061e-01,2.153812944889068604e-01,-8.456997871398925781e-01,-1.566055044531822205e-02,0.000000000000000000e+00,0.000000000000000000e+00,0.000000000000000000e+00,1.000000000000000000e+00
3.063888847827911377e-01,-8.304514288902282715e-01,-4.652701318264007568e-01,1.099205851554870605e+00,-9.519064426422119141e-01,-2.672963142395019531e-01,-1.497558951377868652e-01,3.341138362884521484e-03,-2.081668171172168513e-16,4.887771606445312500e-01,-8.724086880683898926e-01,-1.608596369624137878e-02,0.000000000000000000e+00,0.000000000000000000e+00,0.000000000000000000e+00,1.000000000000000000e+00
2.863631248474121094e-01,-9.571632146835327148e-01,4.283431917428970337e-02,1.101798295974731445e+00,-8.191641569137573242e-01,-2.677752375602722168e-01,-5.072144269943237305e-01,-5.204677581787109375e-03,4.969569742679595947e-01,1.101591736078262329e-01,-8.607547283172607422e-01,-1.296137925237417221e-02,0.000000000000000000e+00,0.000000000000000000e+00,0.000000000000000000e+00,1.000000000000000000e+00
6.567724794149398804e-02,-4.589474797248840332e-01,-8.860325813293457031e-01,1.096571803092956543e+00,-1.255161762237548828e-01,8.770971298217773438e-01,-4.636229872703552246e-01,-2.158522605895996094e-03,9.899152517318725586e-01,1.416608989238739014e-01,-1.139557760822043088e-16,-1.381543185561895370e-02,0.000000000000000000e+00,0.000000000000000000e+00,0.000000000000000000e+00,1.000000000000000000e+00
3.565845638513565063e-02,-8.027526736259460449e-01,-5.952449440956115723e-01,1.100085020065307617e+00,-5.685979723930358887e-01,-5.061171650886535645e-01,6.484919786453247070e-01,2.518892288208007812e-04,-8.218423724174499512e-01,3.153308629989624023e-01,-4.744909107685089111e-01,-1.545107644051313400e-02,0.000000000000000000e+00,0.000000000000000000e+00,0.000000000000000000e+00,1.000000000000000000e+00
-2.144711762666702271e-01,-5.342951416969299316e-01,-8.176373839378356934e-01,1.100379467010498047e+00,-3.045847117900848389e-01,-7.587878704071044922e-01,5.757336020469665527e-01,-5.520582199096679688e-04,-9.280249476432800293e-01,3.725180923938751221e-01,0.000000000000000000e+00,-1.724689081311225891e-02,0.000000000000000000e+00,0.000000000000000000e+00,0.000000000000000000e+00,1.000000000000000000e+00
-1.661485582590103149e-01,-8.133283853530883789e-01,-5.575765371322631836e-01,1.098101258277893066e+00,-4.924171566963195801e-01,5.583221912384033203e-01,-6.676838397979736328e-01,-1.483678817749023438e-03,8.543535470962524414e-01,1.636255383491516113e-01,-4.932612478733062744e-01,-2.043693698942661285e-02,0.000000000000000000e+00,0.000000000000000000e+00,0.000000000000000000e+00,1.000000000000000000e+00
8.433845639228820801e-01,-2.876203507184982300e-02,-5.365400314331054688e-01,1.105322599411010742e+00,-4.597154557704925537e-01,-5.555443167686462402e-01,-6.928436160087585449e-01,4.752874374389648438e-03,-2.781441807746887207e-01,8.309893608093261719e-01,-4.817598462104797363e-01,-1.296246703714132309e-02,0.000000000000000000e+00,0.000000000000000000e+00,0.000000000000000000e+00,1.000000000000000000e+00
-4.753127396106719971e-01,-8.795632719993591309e-01,2.112428285181522369e-02,1.097971081733703613e+00,-7.339735627174377441e-01,4.096472263336181641e-01,5.417305231094360352e-01,1.285314559936523438e-03,-4.851397871971130371e-01,2.419867515563964844e-01,-8.402867317199707031e-01,-2.481431141495704651e-02,0.000000000000000000e+00,0.000000000000000000e+00,0.000000000000000000e+00,1.000000000000000000e+00
-3.515499457716941833e-02,-6.937333345413208008e-01,-7.193734645843505859e-01,1.103221535682678223e+00,-6.549548506736755371e-01,-5.276979804039001465e-01,5.408965349197387695e-01,-4.095792770385742188e-03,-7.548498511314392090e-01,4.901723265647888184e-01,-4.358127713203430176e-01,-1.633111387491226196e-02,0.000000000000000000e+00,0.000000000000000000e+00,0.000000000000000000e+00,1.000000000000000000e+00
2.954497337341308594e-01,7.996942996978759766e-01,-5.226839780807495117e-01,1.100286960601806641e+00,-1.811402142047882080e-01,-4.902924895286560059e-01,-8.525265455245971680e-01,-3.268361091613769531e-03,-9.380286335945129395e-01,3.465578258037567139e-01,0.000000000000000000e+00,-2.151007391512393951e-02,0.000000000000000000e+00,0.000000000000000000e+00,0.000000000000000000e+00,1.000000000000000000e+00
8.798161745071411133e-01,-3.674889728426933289e-02,4.738913774490356445e-01,1.103200197219848633e+00,2.718768119812011719e-01,-7.788938283920288086e-01,-5.651613473892211914e-01,-1.469969749450683594e-03,3.898801505565643311e-01,6.260781884193420410e-01,-6.752921938896179199e-01,-1.758452877402305603e-02,0.000000000000000000e+00,0.000000000000000000e+00,0.000000000000000000e+00,1.000000000000000000e+00
4.166375696659088135e-01,-3.821321427822113037e-01,-8.248564600944519043e-01,1.105250120162963867e+00,-8.576839566230773926e-01,-4.659835398197174072e-01,-2.173421233892440796e-01,-1.968622207641601562e-03,-3.013161122798919678e-01,7.980190515518188477e-01,-5.218948125839233398e-01,-1.480771508067846298e-02,0.000000000000000000e+00,0.000000000000000000e+00,0.000000000000000000e+00,1.000000000000000000e+00
-3.744715750217437744e-01,8.074849843978881836e-01,4.557839632034301758e-01,1.103315830230712891e+00,7.907305359840393066e-01,5.348204970359802246e-01,-2.978459894657135010e-01,-3.540396690368652344e-03,-4.842687845230102539e-01,2.488674521446228027e-01,-8.387781381607055664e-01,-1.883237063884735107e-02,0.000000000000000000e+00,0.000000000000000000e+00,0.000000000000000000e+00,1.000000000000000000e+00
-6.925280094146728516e-01,-7.165991663932800293e-01,-8.300969004631042480e-02,1.101515173912048340e+00,-3.223585486412048340e-01,2.044640481472015381e-01,9.242723584175109863e-01,-7.805466651916503906e-03,-6.453602910041809082e-01,6.668433547019958496e-01,-3.725989460945129395e-01,-1.165116112679243088e-02,0.000000000000000000e+00,0.000000000000000000e+00,0.000000000000000000e+00,1.000000000000000000e+00
2.299721091985702515e-01,9.566209912300109863e-01,1.788549423217773438e-01,1.100027441978454590e+00,9.731972217559814453e-01,-2.260550558567047119e-01,-4.226445406675338745e-02,6.146430969238281250e-04,-1.873501354054951662e-16,1.837807893753051758e-01,-9.829672574996948242e-01,-1.567981392145156860e-02,0.000000000000000000e+00,0.000000000000000000e+00,0.000000000000000000e+00,1.000000000000000000e+00
1.644069999456405640e-01,-9.685351252555847168e-01,-1.868424564599990845e-01,1.099769473075866699e+00,-9.863926172256469727e-01,-1.614305973052978516e-01,-3.114196844398975372e-02,6.443262100219726562e-04,2.081668171172168513e-16,1.894199699163436890e-01,-9.818961620330810547e-01,-1.668277755379676819e-02,0.000000000000000000e+00,0.000000000000000000e+00,0.000000000000000000e+00,1.000000000000000000e+00
4.699775278568267822e-01,-1.714615970849990845e-01,-8.658649325370788574e-01,1.100836753845214844e+00,-2.141906768083572388e-01,-9.737858772277832031e-01,7.657323032617568970e-02,-5.424022674560546875e-05,-8.562963604927062988e-01,1.494725048542022705e-01,-4.943829476833343506e-01,-1.452473457902669907e-02,0.000000000000000000e+00,0.000000000000000000e+00,0.000000000000000000e+00,1.000000000000000000e+00
-5.476974844932556152e-01,6.922070384025573730e-01,-4.699754118919372559e-01,1.101599454879760742e+00,-2.916170060634613037e-01,3.685598969459533691e-01,8.826795220375061035e-01,3.364622592926025391e-03,7.842110395431518555e-01,6.204941868782043457e-01,-4.942276840364456195e-16,-1.973085664212703705e-02,0.000000000000000000e+00,0.000000000000000000e+00,0.000000000000000000e+00,1.000000000000000000e+00
-4.154974818229675293e-01,8.647525310516357422e-01,-2.820724546909332275e-01,1.100613117218017578e+00,3.499793112277984619e-01,4.382215142250061035e-01,8.279349803924560547e-01,-4.070639610290527344e-03,8.395690917968750000e-01,2.452853918075561523e-01,-4.847254455089569092e-01,-1.059031020849943161e-02,0.000000000000000000e+00,0.000000000000000000e+00,0.000000000000000000e+00,1.000000000000000000e+00
6.157560348510742188e-01,-7.820181846618652344e-01,-9.639564156532287598e-02,1.102764010429382324e+00,-5.963390320539474487e-02,7.573583722114562988e-02,-9.953430891036987305e-01,5.750894546508789062e-03,7.856770157814025879e-01,6.186369657516479492e-01,-1.181882673707360392e-16,-1.338545512408018112e-02,0.000000000000000000e+00,0.000000000000000000e+00,0.000000000000000000e+00,1.000000000000000000e+00
3.707234263420104980e-01,-4.783259928226470947e-01,-7.960957288742065430e-01,1.101362705230712891e+00,-3.626359403133392334e-01,-8.636839985847473145e-01,3.500644862651824951e-01,-9.402036666870117188e-04,-8.550200462341308594e-01,1.589158177375793457e-01,-4.936460554599761963e-01,-1.721772924065589905e-02,0.000000000000000000e+00,0.000000000000000000e+00,0.000000000000000000e+00,1.000000000000000000e+00
-4.096510112285614014e-01,7.454814910888671875e-01,5.257788300514221191e-01,1.101915955543518066e+00,6.224710941314697266e-01,-1.929033249616622925e-01,7.584972381591796875e-01,-5.441904067993164062e-04,6.668701171875000000e-01,6.380012631416320801e-01,-3.850176632404327393e-01,-1.860594376921653748e-02,0.000000000000000000e+00,0.000000000000000000e+00,0.000000000000000000e+00,1.000000000000000000e+00
-8.241336047649383545e-02,9.561806917190551758e-01,2.809386849403381348e-01,1.100888967514038086e+00,8.682731389999389648e-01,2.072626799345016479e-01,-4.507149457931518555e-01,-2.861738204956054688e-03,-4.891930520534515381e-01,2.067865580320358276e-01,-8.473072052001953125e-01,-1.633375510573387146e-02,0.000000000000000000e+00,0.000000000000000000e+00,0.000000000000000000e+00,1.000000000000000000e+00
5.039225518703460693e-02,-7.706358432769775391e-01,-6.352802515029907227e-01,1.099735021591186523e+00,-9.987295269966125488e-01,-3.888347744941711426e-02,-3.205392882227897644e-02,7.141828536987304688e-04,-3.816391647148975608e-17,6.360884308815002441e-01,-7.716161608695983887e-01,-1.670373976230621338e-02,0.000000000000000000e+00,0.000000000000000000e+00,0.000000000000000000e+00,1.000000000000000000e+00
-2.598848342895507812e-01,-6.057993769645690918e-01,7.519754171371459961e-01,1.101300358772277832e+00,2.964648604393005371e-01,6.910684704780578613e-01,6.591911911964416504e-01,2.062320709228515625e-03,-9.190040826797485352e-01,3.942480683326721191e-01,0.000000000000000000e+00,-1.779024302959442139e-02,0.000000000000000000e+00,0.000000000000000000e+00,0.000000000000000000e+00,1.000000000000000000e+00
1.062562689185142517e-01,7.148051261901855469e-01,-6.912041902542114258e-01,1.100611805915832520e+00,-1.016312390565872192e-01,-6.836916804313659668e-01,-7.226595282554626465e-01,-6.867647171020507812e-04,-9.891312718391418457e-01,1.470350325107574463e-01,0.000000000000000000e+00,-2.293080836534500122e-02,0.000000000000000000e+00,0.000000000000000000e+00,0.000000000000000000e+00,1.000000000000000000e+00
-1.059438437223434448e-01,-3.334628641605377197e-01,-9.367915391921997070e-01,1.096106886863708496e+00,-8.119215369224548340e-01,5.729004740715026855e-01,-1.121091768145561218e-01,-1.390099525451660156e-03,5.740725398063659668e-01,7.487239837646484375e-01,-3.314409554004669189e-01,-1.627014204859733582e-02,0.000000000000000000e+00,0.000000000000000000e+00,0.000000000000000000e+00,1.000000000000000000e+00
-7.574938535690307617e-01,-5.602756738662719727e-01,3.351032733917236328e-01,1.101984620094299316e+00,-4.269591569900512695e-01,8.134659528732299805e-01,3.949417471885681152e-01,2.225518226623535156e-03,-4.938713610172271729e-01,1.560905575752258301e-01,-8.554103374481201172e-01,-2.147825434803962708e-02,0.000000000000000000e+00,0.000000000000000000e+00,0.000000000000000000e+00,1.000000000000000000e+00
2.854194045066833496e-01,-3.317818343639373779e-01,-8.991421461105346680e-01,1.093488693237304688e+00,-6.098637580871582031e-01,-7.865897417068481445e-01,9.665796905755996704e-02,4.600346088409423828e-03,-7.393253445625305176e-01,5.207661390304565430e-01,-4.268496930599212646e-01,-1.311858650296926498e-02,0.000000000000000000e+00,0.000000000000000000e+00,0.000000000000000000e+00,1.000000000000000000e+00
-4.323906898498535156e-01,1.849913299083709717e-01,8.825057744979858398e-01,1.104813694953918457e+00,3.866939246654510498e-01,9.222000837326049805e-01,-3.848322667181491852e-03,-1.684427261352539062e-03,-8.145588636398315430e-01,3.395956456661224365e-01,-4.702857732772827148e-01,-1.539761479943990707e-02,0.000000000000000000e+00,0.000000000000000000e+00,0.000000000000000000e+00,1.000000000000000000e+00
-4.570169150829315186e-01,-8.874493837356567383e-01,5.974233150482177734e-02,1.100353479385375977e+00,-7.420755028724670410e-01,4.174583852291107178e-01,5.244544148445129395e-01,1.202523708343505859e-03,-4.903666675090789795e-01,1.953512132167816162e-01,-8.493400216102600098e-01,-1.539374794811010361e-02,0.000000000000000000e+00,0.000000000000000000e+00,0.000000000000000000e+00,1.000000000000000000e+00
-1.350170075893402100e-01,-1.149754524230957031e-01,9.841499328613281250e-01,1.100247621536254883e+00,7.492843866348266602e-01,6.380626559257507324e-01,1.773385107517242432e-01,-2.801179885864257812e-03,-6.483389139175415039e-01,7.613518834114074707e-01,0.000000000000000000e+00,-1.390191446989774704e-02,0.000000000000000000e+00,0.000000000000000000e+00,0.000000000000000000e+00,1.000000000000000000e+00
4.041185081005096436e-01,7.399067282676696777e-01,-5.377975702285766602e-01,1.099901556968688965e+00,3.091714978218078613e-01,-6.638320088386535645e-01,-6.809846162796020508e-01,-6.771087646484375000e-05,-8.608723878860473633e-01,1.089267805218696594e-01,-4.970248937606811523e-01,-1.723022758960723877e-02,0.000000000000000000e+00,0.000000000000000000e+00,0.000000000000000000e+00,1.000000000000000000e+00
-8.357940316200256348e-01,-6.020159274339675903e-02,-5.457326769828796387e-01,1.103264927864074707e+00,-4.056523144245147705e-01,7.375323772430419922e-01,5.399001836776733398e-01,-3.920435905456542969e-03,3.699926435947418213e-01,6.726230382919311523e-01,-6.408460736274719238e-01,-1.182480808347463608e-02,0.000000000000000000e+00,0.000000000000000000e+00,0.000000000000000000e+00,1.000000000000000000e+00
5.294963717460632324e-01,6.620008945465087891e-01,-5.304605364799499512e-01,1.102358102798461914e+00,-3.313362598419189453e-01,-4.142519533634185791e-01,-8.477095961570739746e-01,1.968443393707275391e-03,-7.809288501739501953e-01,6.246199607849121094e-01,0.000000000000000000e+00,-1.724107190966606140e-02,0.000000000000000000e+00,0.000000000000000000e+00,0.000000000000000000e+00,1.000000000000000000e+00
6.054182052612304688e-01,-6.937333345413208008e-01,-3.901318609714508057e-01,1.103221535682678223e+00,-7.959075570106506348e-01,-5.276979804039001465e-01,-2.967592477798461914e-01,-4.095792770385742188e-03,-8.326672684688674053e-17,4.901723265647888184e-01,-8.716255426406860352e-01,-1.633111387491226196e-02,0.000000000000000000e+00,0.000000000000000000e+00,0.000000000000000000e+00,1.000000000000000000e+00
8.754126429557800293e-01,-2.363255433738231659e-02,4.827982783317565918e-01,1.100570678710937500e+00,2.923659086227416992e-01,-7.695069313049316406e-01,-5.677862763404846191e-01,-4.841089248657226562e-04,3.849348723888397217e-01,6.382009983062744141e-01,-6.667267680168151855e-01,-1.644679903984069824e-02,0.000000000000000000e+00,0.000000000000000000e+00,0.000000000000000000e+00,1.000000000000000000e+00
2.126093581318855286e-02,-9.166136980056762695e-01,3.992082774639129639e-01,1.100227713584899902e+00,9.257181547582149506e-03,-3.991009294986724854e-01,-9.168602824211120605e-01,8.356571197509765625e-05,9.997311234474182129e-01,2.318885177373886108e-02,3.197113153917147815e-16,-2.269864827394485474e-02,0.000000000000000000e+00,0.000000000000000000e+00,0.000000000000000000e+00,1.000000000000000000e+00
-7.433658838272094727e-02,9.608048796653747559e-01,2.670731842517852783e-01,1.100469112396240234e+00,9.972332119941711426e-01,7.162111252546310425e-02,1.990839093923568726e-02,-2.840876579284667969e-03,-1.977584762613560088e-16,2.678141593933105469e-01,-9.634705781936645508e-01,-1.669901981949806213e-02,0.000000000000000000e+00,0.000000000000000000e+00,0.000000000000000000e+00,1.000000000000000000e+00
-9.196082502603530884e-02,9.011918306350708008e-01,4.235522449016571045e-01,1.102597355842590332e+00,8.859450221061706543e-01,-1.201329976320266724e-01,4.479615092277526855e-01,-1.303791999816894531e-03,4.545818567276000977e-01,4.164389073848724365e-01,-7.873588800430297852e-01,-2.214401960372924805e-02,0.000000000000000000e+00,0.000000000000000000e+00,0.000000000000000000e+00,1.000000000000000000e+00
8.906167149543762207e-01,4.375105500221252441e-01,-1.240418925881385803e-01,1.104349732398986816e+00,2.240594029426574707e-01,-6.595313549041748047e-01,-7.175066471099853516e-01,5.525290966033935547e-03,-3.957262635231018066e-01,6.112306714057922363e-01,-6.854180097579956055e-01,-1.332886051386594772e-02,0.000000000000000000e+00,0.000000000000000000e+00,0.000000000000000000e+00,1.000000000000000000e+00
-5.601458549499511719e-01,-3.334628641605377197e-01,-7.583133578300476074e-01,1.096106886863708496e+00,-7.591992616653442383e-01,5.729004740715026855e-01,3.088713884353637695e-01,-1.390099525451660156e-03,3.314409554004669189e-01,7.487239837646484375e-01,-5.740725398063659668e-01,-1.627014204859733582e-02,0.000000000000000000e+00,0.000000000000000000e+00,0.000000000000000000e+00,1.000000000000000000e+00
3.572582826018333435e-02,-1.571331024169921875e-01,-9.869310259819030762e-01,1.099440097808837891e+00,-2.188048809766769409e-01,9.623706340789794922e-01,-1.611432433128356934e-01,-1.632452011108398438e-03,9.751144051551818848e-01,2.217023074626922607e-01,3.110180309655866853e-16,-1.006938051432371140e-02,0.000000000000000000e+00,0.000000000000000000e+00,0.000000000000000000e+00,1.000000000000000000e+00
-1.600788533687591553e-01,-2.764137089252471924e-01,9.476128816604614258e-01,1.100392580032348633e+00,4.748992323875427246e-01,8.200249671936035156e-01,3.194209933280944824e-01,-2.518892288208007812e-04,-8.653585910797119141e-01,5.011531710624694824e-01,0.000000000000000000e+00,-1.541856210678815842e-02,0.000000000000000000e+00,0.000000000000000000e+00,0.000000000000000000e+00,1.000000000000000000e+00
5.411564111709594727e-01,5.524744465947151184e-02,-8.391051292419433594e-01,1.105549931526184082e+00,-5.367844104766845703e-01,-7.454063892364501953e-01,-3.952617347240447998e-01,1.082003116607666016e-03,-6.473115086555480957e-01,6.643170118331909180e-01,-3.737254738807678223e-01,-1.524563413113355637e-02,0.000000000000000000e+00,0.000000000000000000e+00,0.000000000000000000e+00,1.000000000000000000e+00
3.772839158773422241e-02,-9.610924720764160156e-01,-2.736381888389587402e-01,1.099326133728027344e+00,-5.072287321090698242e-01,-2.543528378009796143e-01,8.234218955039978027e-01,3.881931304931640625e-03,-8.609852194786071777e-01,1.077307686209678650e-01,-4.970900416374206543e-01,-1.324480306357145309e-02,0.000000000000000000e+00,0.000000000000000000e+00,0.000000000000000000e+00,1.000000000000000000e+00
-4.165910929441452026e-02,6.229559779167175293e-01,7.811468243598937988e-01,1.099182486534118652e+00,5.212143436074256897e-02,-7.794060111045837402e-01,6.243473887443542480e-01,-2.799034118652343750e-04,9.977714419364929199e-01,6.672424823045730591e-02,-1.096547942389531878e-16,-1.285400148481130600e-02,0.000000000000000000e+00,0.000000000000000000e+00,0.000000000000000000e+00,1.000000000000000000e+00
6.008591055870056152e-01,-5.342951416969299316e-01,-5.945561528205871582e-01,1.100379467010498047e+00,-6.508922576904296875e-01,-7.587878704071044922e-01,2.408869750797748566e-02,-5.520582199096679688e-04,-4.640124738216400146e-01,3.725180923938751221e-01,-8.036931753158569336e-01,-1.724689081311225891e-02,0.000000000000000000e+00,0.000000000000000000e+00,0.000000000000000000e+00,1.000000000000000000e+00
3.294028937816619873e-01,8.556738495826721191e-01,3.991441428661346436e-01,1.099694132804870605e+00,8.075872063636779785e-01,-4.743508696556091309e-01,3.504199385643005371e-01,8.792281150817871094e-04,4.891795217990875244e-01,2.069143652915954590e-01,-8.472837805747985840e-01,-1.482847612351179123e-02,0.000000000000000000e+00,0.000000000000000000e+00,0.000000000000000000e+00,1.000000000000000000e+00
1.270582247525453568e-02,-6.811000108718872070e-01,-7.320801019668579102e-01,1.098357677459716797e+00,-6.525061726570129395e-01,5.491220951080322266e-01,-5.222074389457702637e-01,-1.008749008178710938e-03,7.576768398284912109e-01,4.843218922615051270e-01,-4.374449551105499268e-01,-1.737187802791595459e-02,0.000000000000000000e+00,0.000000000000000000e+00,0.000000000000000000e+00,1.000000000000000000e+00
7.105281203985214233e-02,-8.725100755691528320e-01,-4.834021329879760742e-01,1.102061033248901367e+00,-8.934472203254699707e-01,1.598131805658340454e-01,-4.197758734226226807e-01,9.797215461730957031e-04,4.435127079486846924e-01,4.617205560207366943e-01,-7.681865692138671875e-01,-1.262344326823949814e-02,0.000000000000000000e+00,0.000000000000000000e+00,0.000000000000000000e+00,1.000000000000000000e+00
-7.945477217435836792e-02,6.261944174766540527e-01,7.756078243255615234e-01,1.099205136299133301e+00,9.405061602592468262e-01,-2.107632607221603394e-01,2.665090262889862061e-01,5.163729190826416016e-03,3.303561210632324219e-01,7.506393194198608398e-01,-5.721935629844665527e-01,-1.423635985702276230e-02,0.000000000000000000e+00,0.000000000000000000e+00,0.000000000000000000e+00,1.000000000000000000e+00
-7.945425510406494141e-01,-3.242704570293426514e-01,-5.133720636367797852e-01,1.103075146675109863e+00,-3.520160615444183350e-01,9.348776340484619141e-01,-4.570068418979644775e-02,1.455426216125488281e-03,4.947594106197357178e-01,1.444040685892105103e-01,-8.569484353065490723e-01,-1.899108104407787323e-02,0.000000000000000000e+00,0.000000000000000000e+00,0.000000000000000000e+00,1.000000000000000000e+00
8.036804199218750000e-02,-6.191585063934326172e-01,-7.811425924301147461e-01,1.100775241851806641e+00,-1.005503758788108826e-01,7.746440172195434570e-01,-6.243526935577392578e-01,7.296204566955566406e-04,9.916806817054748535e-01,1.287221759557723999e-01,-1.108346581949192248e-16,-1.654119789600372314e-02,0.000000000000000000e+00,0.000000000000000000e+00,0.000000000000000000e+00,1.000000000000000000e+00
-3.351032733917236328e-01,-5.602756738662719727e-01,-7.574938535690307617e-01,1.101984620094299316e+00,-3.949417471885681152e-01,8.134659528732299805e-01,-4.269591569900512695e-01,2.225518226623535156e-03,8.554103374481201172e-01,1.560905575752258301e-01,-4.938713610172271729e-01,-2.147825434803962708e-02,0.000000000000000000e+00,0.000000000000000000e+00,0.000000000000000000e+00,1.000000000000000000e+00
-8.851005434989929199e-01,4.215548038482666016e-01,1.972017735242843628e-01,1.105864286422729492e+00,4.653998315334320068e-01,8.017157912254333496e-01,3.750396966934204102e-01,-1.357316970825195312e-03,-8.326672684688674053e-17,4.237255156040191650e-01,-9.057906270027160645e-01,-1.830625161528587341e-02,0.000000000000000000e+00,0.000000000000000000e+00,0.000000000000000000e+00,1.000000000000000000e+00
4.763763546943664551e-01,-6.202450990676879883e-01,-6.231866478919982910e-01,1.097743034362792969e+00,-8.792414665222167969e-01,-3.360511362552642822e-01,-3.376448750495910645e-01,1.592040061950683594e-03,-2.775557561562891351e-17,7.087775468826293945e-01,-7.054320573806762695e-01,-1.753510907292366028e-02,0.000000000000000000e+00,0.000000000000000000e+00,0.000000000000000000e+00,1.000000000000000000e+00
7.240598201751708984e-01,-5.791147351264953613e-01,-3.746512234210968018e-01,1.099470257759094238e+00,-6.897372007369995117e-01,-6.079325675964355469e-01,-3.932945728302001953e-01,-2.802371978759765625e-03,1.387778780781445676e-16,5.431796908378601074e-01,-8.396164774894714355e-01,-1.982203312218189240e-02,0.000000000000000000e+00,0.000000000000000000e+00,0.000000000000000000e+00,1.000000000000000000e+00
4.023628532886505127e-01,2.188905477523803711e-01,8.889269232749938965e-01,1.098610162734985352e+00,4.572833776473999023e-01,-8.892403244972229004e-01,1.198347937315702438e-02,-1.585483551025390625e-04,7.930927276611328125e-01,4.016698002815246582e-01,-4.578922688961029053e-01,-1.569353416562080383e-02,0.000000000000000000e+00,0.000000000000000000e+00,0.000000000000000000e+00,1.000000000000000000e+00
-1.959074288606643677e-02,-2.363255433738231659e-02,-9.995287656784057617e-01,1.100570678710937500e+00,-6.379002928733825684e-01,-7.695069313049316406e-01,3.069682233035564423e-02,-4.841089248657226562e-04,-7.698697447776794434e-01,6.382009983062744141e-01,0.000000000000000000e+00,-1.644679903984069824e-02,0.000000000000000000e+00,0.000000000000000000e+00,0.000000000000000000e+00,1.000000000000000000e+00
-4.035378098487854004e-01,9.010373950004577637e-01,1.590246558189392090e-01,1.100086688995361328e+00,6.499960273504257202e-02,-1.451340466737747192e-01,9.872745871543884277e-01,-8.727312088012695312e-04,9.126512408256530762e-01,4.087391495704650879e-01,2.765890533354555631e-16,-1.658038422465324402e-02,0.000000000000000000e+00,0.000000000000000000e+00,0.000000000000000000e+00,1.000000000000000000e+00
5.530372262001037598e-01,-5.877795815467834473e-01,-5.904785990715026855e-01,1.098592042922973633e+00,-4.046283662319183350e-01,4.300475418567657471e-01,-8.070532679557800293e-01,-4.064559936523437500e-03,7.283033132553100586e-01,6.852548718452453613e-01,-1.423113421920648857e-16,-1.441922690719366074e-02,0.000000000000000000e+00,0.000000000000000000e+00,0.000000000000000000e+00,1.000000000000000000e+00
-2.820724546909332275e-01,8.647525310516357422e-01,4.154974818229675293e-01,1.100613117218017578e+00,8.279349803924560547e-01,4.382215142250061035e-01,-3.499793112277984619e-01,-4.070639610290527344e-03,-4.847254455089569092e-01,2.452853918075561523e-01,-8.395690917968750000e-01,-1.059031020849943161e-02,0.000000000000000000e+00,0.000000000000000000e+00,0.000000000000000000e+00,1.000000000000000000e+00
-2.572453618049621582e-01,5.791350007057189941e-01,7.735809087753295898e-01,1.098800182342529297e+00,3.140301108360290527e-01,-7.069742083549499512e-01,6.336975097656250000e-01,-4.987955093383789062e-03,9.138981699943542480e-01,4.059434533119201660e-01,3.723975588043203135e-16,-2.229964733123779297e-02,0.000000000000000000e+00,0.000000000000000000e+00,0.000000000000000000e+00,1.000000000000000000e+00
4.986108839511871338e-01,-8.066530823707580566e-01,3.173294067382812500e-01,1.102521657943725586e+00,1.668473333120346069e-01,-2.699257731437683105e-01,-9.483153820037841797e-01,-6.538152694702148438e-03,8.506169319152832031e-01,5.257859230041503906e-01,-4.726433257767155213e-16,-1.588102802634239197e-02,0.000000000000000000e+00,0.000000000000000000e+00,0.000000000000000000e+00,1.000000000000000000e+00
5.673498511314392090e-01,5.269407033920288086e-01,-6.328093409538269043e-01,1.106367349624633789e+00,5.066993832588195801e-02,-7.893430590629577637e-01,-6.118578910827636719e-01,3.037571907043457031e-03,-8.219164609909057617e-01,3.150730729103088379e-01,-4.745337069034576416e-01,-1.956088654696941376e-02,0.000000000000000000e+00,0.000000000000000000e+00,0.000000000000000000e+00,1.000000000000000000e+00
-1.041453406214714050e-01,-9.610924720764160156e-01,-2.558418214321136475e-01,1.099326133728027344e+00,-2.756203524768352509e-02,-2.543528378009796143e-01,9.667186737060546875e-01,3.881931304931640625e-03,-9.941800832748413086e-01,1.077307686209678650e-01,0.000000000000000000e+00,-1.324480306357145309e-02,0.000000000000000000e+00,0.000000000000000000e+00,0.000000000000000000e+00,1.000000000000000000e+00
-9.042412638664245605e-01,-4.151736199855804443e-01,-9.989287704229354858e-02,1.100776076316833496e+00,-4.270219206809997559e-01,8.791518807411193848e-01,2.115283906459808350e-01,-5.728006362915039062e-04,2.775557561562891351e-17,2.339291423559188843e-01,-9.722536206245422363e-01,-1.320176105946302414e-02,0.000000000000000000e+00,0.000000000000000000e+00,0.000000000000000000e+00,1.000000000000000000e+00
1.850241273641586304e-01,-1.937615722417831421e-01,9.634430408477783203e-01,1.099162936210632324e+00,6.653655767440795898e-01,-6.967863440513610840e-01,-2.679131925106048584e-01,1.933753490447998047e-03,7.232252359390258789e-01,6.906122565269470215e-01,-1.039389100317627624e-16,-1.436407398432493210e-02,0.000000000000000000e+00,0.000000000000000000e+00,0.000000000000000000e+00,1.000000000000000000e+00
8.594114780426025391e-01,-2.331804931163787842e-01,4.550151824951171875e-01,1.103832483291625977e+00,-1.308523267507553101e-01,-9.606171846389770508e-01,-2.451373040676116943e-01,-1.674175262451171875e-03,4.942566454410552979e-01,1.511339992284774780e-01,-8.560776114463806152e-01,-2.029444649815559387e-02,0.000000000000000000e+00,0.000000000000000000e+00,0.000000000000000000e+00,1.000000000000000000e+00
6.680297851562500000e-02,-6.610676646232604980e-01,-7.473465800285339355e-01,1.096836447715759277e+00,-6.204083561897277832e-01,-6.141367554664611816e-01,4.877801537513732910e-01,1.590549945831298828e-03,-7.814286947250366211e-01,4.310749173164367676e-01,-4.511580765247344971e-01,-1.884561404585838318e-02,0.000000000000000000e+00,0.000000000000000000e+00,0.000000000000000000e+00,1.000000000000000000e+00
8.505728244781494141e-01,-5.049987435340881348e-01,-1.466360837221145630e-01,1.097855687141418457e+00,-5.258572697639465332e-01,-8.168342113494873047e-01,-2.371835112571716309e-01,-5.710124969482421875e-04,-1.804112415015879378e-16,2.788515090942382812e-01,-9.603342413902282715e-01,-2.192233316600322723e-02,0.000000000000000000e+00,0.000000000000000000e+00,0.000000000000000000e+00,1.000000000000000000e+00
1.940775811672210693e-01,-9.329219460487365723e-01,3.032993376255035400e-01,1.098856806755065918e+00,6.177341565489768982e-02,-2.969419658184051514e-01,-9.528953433036804199e-01,3.378152847290039062e-03,9.790393114089965820e-01,2.036714553833007812e-01,-5.395497171265038576e-16,-1.676798239350318909e-02,0.000000000000000000e+00,0.000000000000000000e+00,0.000000000000000000e+00,1.000000000000000000e+00
2.318545728921890259e-01,6.099585890769958496e-01,7.577558755874633789e-01,1.097752213478088379e+00,7.430749535560607910e-01,3.916563093662261963e-01,-5.426278710365295410e-01,-1.922845840454101562e-04,-6.277604103088378906e-01,6.888801455497741699e-01,-3.624376356601715088e-01,-1.411288511008024216e-02,0.000000000000000000e+00,0.000000000000000000e+00,0.000000000000000000e+00,1.000000000000000000e+00
5.241207480430603027e-01,-8.066530823707580566e-01,-2.731449902057647705e-01,1.102521657943725586e+00,-7.378415465354919434e-01,-2.699257731437683105e-01,-6.186517477035522461e-01,-6.538152694702148438e-03,4.253084659576416016e-01,5.257859230041503906e-01,-7.366558909416198730e-01,-1.588102802634239197e-02,0.000000000000000000e+00,0.000000000000000000e+00,0.000000000000000000e+00,1.000000000000000000e+00
3.544955849647521973e-01,6.229559779167175293e-01,6.973225474357604980e-01,1.099182486534118652e+00,3.573121726512908936e-01,-7.794060111045837402e-01,5.146399736404418945e-01,-2.799034118652343750e-04,8.640954494476318359e-01,6.672424823045730591e-02,-4.988857209682464600e-01,-1.285400148481130600e-02,0.000000000000000000e+00,0.000000000000000000e+00,0.000000000000000000e+00,1.000000000000000000e+00
7.735809087753295898e-01,5.791350007057189941e-01,2.572453618049621582e-01,1.098800182342529297e+00,6.336975097656250000e-01,-7.069742083549499512e-01,-3.140301108360290527e-01,-4.987955093383789062e-03,1.942890293094023946e-16,4.059434533119201660e-01,-9.138981699943542480e-01,-2.229964733123779297e-02,0.000000000000000000e+00,0.000000000000000000e+00,0.000000000000000000e+00,1.000000000000000000e+00
-8.716681599617004395e-01,-2.828413061797618866e-02,4.892796874046325684e-01,1.100796580314636230e+00,1.699983179569244385e-01,9.189019203186035156e-01,3.559772968292236328e-01,6.998777389526367188e-04,-4.596685469150543213e-01,3.934707939624786377e-01,-7.961692810058593750e-01,-1.800465956330299377e-02,0.000000000000000000e+00,0.000000000000000000e+00,0.000000000000000000e+00,1.000000000000000000e+00
1.947230100631713867e-01,-2.198593467473983765e-01,9.559000134468078613e-01,1.098705649375915527e+00,6.337779760360717773e-01,-7.155908942222595215e-01,-2.936923205852508545e-01,-3.277063369750976562e-03,7.486042976379394531e-01,6.630170345306396484e-01,-1.412449409463615224e-16,-2.010717615485191345e-02,0.000000000000000000e+00,0.000000000000000000e+00,0.000000000000000000e+00,1.000000000000000000e+00
-3.381040394306182861e-01,-5.899819135665893555e-01,-7.332168817520141602e-01,1.102355122566223145e+00,-7.431267499923706055e-01,-3.106751739978790283e-01,5.926580429077148438e-01,-1.565694808959960938e-03,-5.774497985839843750e-01,7.452531456947326660e-01,-3.333908021450042725e-01,-1.481045316904783249e-02,0.000000000000000000e+00,0.000000000000000000e+00,0.000000000000000000e+00,1.000000000000000000e+00
2.572453618049621582e-01,5.791350007057189941e-01,-7.735809087753295898e-01,1.098800182342529297e+00,-3.140301108360290527e-01,-7.069742083549499512e-01,-6.336975097656250000e-01,-4.987955093383789062e-03,-9.138981699943542480e-01,4.059434533119201660e-01,0.000000000000000000e+00,-2.229964733123779297e-02,0.000000000000000000e+00,0.000000000000000000e+00,0.000000000000000000e+00,1.000000000000000000e+00
4.591905772686004639e-01,8.656283020973205566e-01,-1.995787173509597778e-01,1.101275324821472168e+00,3.443180620670318604e-01,-3.805344104766845703e-01,-8.582765460014343262e-01,3.645479679107666016e-03,-8.188950419425964355e-01,3.253939449787139893e-01,-4.727892577648162842e-01,-1.546621229499578476e-02,0.000000000000000000e+00,0.000000000000000000e+00,0.000000000000000000e+00,1.000000000000000000e+00
-4.086907804012298584e-01,1.382980495691299438e-01,9.021338820457458496e-01,1.098167777061462402e+00,5.750788450241088867e-01,8.065658807754516602e-01,1.368787139654159546e-01,9.372234344482421875e-04,-7.087003588676452637e-01,5.747391581535339355e-01,-4.091683328151702881e-01,-1.695330440998077393e-02,0.000000000000000000e+00,0.000000000000000000e+00,0.000000000000000000e+00,1.000000000000000000e+00
9.995287656784057617e-01,-2.363255433738231659e-02,-1.959074288606643677e-02,1.100570678710937500e+00,-3.069682233035564423e-02,-7.695069313049316406e-01,-6.379002928733825684e-01,-4.841089248657226562e-04,-1.856154119295183591e-16,6.382009983062744141e-01,-7.698697447776794434e-01,-1.644679903984069824e-02,0.000000000000000000e+00,0.000000000000000000e+00,0.000000000000000000e+00,1.000000000000000000e+00
-8.616034984588623047e-01,-9.322384372353553772e-03,-5.074963569641113281e-01,1.096332669258117676e+00,-3.522201478481292725e-01,7.309136986732482910e-01,5.845564007759094238e-01,-7.965564727783203125e-04,3.654865622520446777e-01,6.824062466621398926e-01,-6.330413222312927246e-01,-1.502578984946012497e-02,0.000000000000000000e+00,0.000000000000000000e+00,0.000000000000000000e+00,1.000000000000000000e+00
-9.307532310485839844e-01,3.631016314029693604e-01,4.307715222239494324e-02,1.106173157691955566e+00,3.656479716300964355e-01,9.242715835571289062e-01,1.096524596214294434e-01,-2.577543258666992188e-03,1.318389841742373392e-16,1.178104579448699951e-01,-9.930360913276672363e-01,-1.555118616670370102e-02,0.000000000000000000e+00,0.000000000000000000e+00,0.000000000000000000e+00,1.000000000000000000e+00
