3.148923218250274658e-01,8.734580874443054199e-01,3.713673949241638184e-01,1.261414408683776855e+00,8.418166041374206543e-01,-7.629869133234024048e-02,-5.343438386917114258e-01,8.766174316406250000e-03,-4.383921027183532715e-01,4.808840155601501465e-01,-7.593173980712890625e-01,4.725149273872375488e-01,0.000000000000000000e+00,0.000000000000000000e+00,0.000000000000000000e+00,1.000000000000000000e+00
1.702786535024642944e-01,9.623365998268127441e-01,2.119278460741043091e-01,1.260256767272949219e+00,5.192745327949523926e-01,9.515139460563659668e-02,-8.492939472198486328e-01,2.624756097793579102e-02,-8.374719023704528809e-01,2.546653449535369873e-01,-4.835146069526672363e-01,4.743772149085998535e-01,0.000000000000000000e+00,0.000000000000000000e+00,0.000000000000000000e+00,1.000000000000000000e+00
1.124857589602470398e-01,9.350839257240295410e-01,3.361027240753173828e-01,1.255105495452880859e+00,4.915305972099304199e-01,-3.463296890258789062e-01,7.990328073501586914e-01,-3.788292407989501953e-02,8.635650873184204102e-01,7.532497495412826538e-02,-4.985795319080352783e-01,4.619558453559875488e-01,0.000000000000000000e+00,0.000000000000000000e+00,0.000000000000000000e+00,1.000000000000000000e+00
-4.231513142585754395e-01,-8.879871964454650879e-01,1.800604313611984253e-01,1.239585757255554199e+00,-3.704082965850830078e-01,3.509031534194946289e-01,8.600376248359680176e-01,-7.104170322418212891e-02,-8.268861174583435059e-01,2.972301542758941650e-01,-4.774029254913330078e-01,4.676043391227722168e-01,0.000000000000000000e+00,0.000000000000000000e+00,0.000000000000000000e+00,1.000000000000000000e+00
-1.451636999845504761e-01,-9.577555656433105469e-01,-2.482574582099914551e-01,1.261224746704101562e+00,-5.260354280471801758e-01,-1.378037929534912109e-01,8.392239212989807129e-01,1.068651676177978516e-02,-8.379822373390197754e-01,2.524170875549316406e-01,-4.838092625141143799e-01,4.698914289474487305e-01,0.000000000000000000e+00,0.000000000000000000e+00,0.000000000000000000e+00,1.000000000000000000e+00
3.510482609272003174e-01,8.728130459785461426e-01,-3.390611410140991211e-01,1.241331577301025391e+00,3.796820640563964844e-01,-4.636875987052917480e-01,-8.005219101905822754e-01,-6.763589382171630859e-02,-8.559244275093078613e-01,1.522863805294036865e-01,-4.941681921482086182e-01,4.707987904548645020e-01,0.000000000000000000e+00,0.000000000000000000e+00,0.000000000000000000e+00,1.000000000000000000e+00
-4.007740318775177002e-01,-9.017153382301330566e-01,1.621407121419906616e-01,1.249373197555541992e+00,-7.684276700019836426e-01,4.272071421146392822e-01,4.764588475227355957e-01,-5.158507823944091797e-02,-4.988979101181030273e-01,6.635893881320953369e-02,-8.641165494918823242e-01,4.742292165756225586e-01,0.000000000000000000e+00,0.000000000000000000e+00,0.000000000000000000e+00,1.000000000000000000e+00
-2.289133816957473755e-01,-9.414418935775756836e-01,-2.475598156452178955e-01,1.258907914161682129e+00,-8.513430356979370117e-01,7.029955089092254639e-02,5.198779106140136719e-01,-1.775932312011718750e-02,-4.720314741134643555e-01,3.297653198242187500e-01,-8.175824880599975586e-01,4.711931943893432617e-01,0.000000000000000000e+00,0.000000000000000000e+00,0.000000000000000000e+00,1.000000000000000000e+00
2.696066498756408691e-01,-9.437541961669921875e-01,-1.914164870977401733e-01,1.260074496269226074e+00,-8.368605375289916992e-01,-1.312805563211441040e-01,-5.314412713050842285e-01,4.641890525817871094e-03,4.764206409454345703e-01,3.034690022468566895e-01,-8.251847624778747559e-01,4.671257138252258301e-01,0.000000000000000000e+00,0.000000000000000000e+00,0.000000000000000000e+00,1.000000000000000000e+00
1.917126327753067017e-01,-8.029857277870178223e-01,-5.643227696418762207e-01,1.264999389648437500e+00,-8.943411111831665039e-01,9.388872981071472168e-02,-4.374230504035949707e-01,-1.244473457336425781e-02,4.042280316352844238e-01,5.885565280914306641e-01,-7.001434564590454102e-01,4.776787161827087402e-01,0.000000000000000000e+00,0.000000000000000000e+00,0.000000000000000000e+00,1.000000000000000000e+00
-8.259974420070648193e-03,-9.996681213378906250e-01,-2.440035156905651093e-02,1.261451125144958496e+00,-9.999659061431884766e-01,8.257514797151088715e-03,2.015531499637290835e-04,1.069647073745727539e-02,-1.507041019754851163e-17,2.440118417143821716e-02,-9.997022747993469238e-01,4.683610200881958008e-01,0.000000000000000000e+00,0.000000000000000000e+00,0.000000000000000000e+00,1.000000000000000000e+00
2.046335041522979736e-01,-9.291890263557434082e-01,-3.077870309352874756e-01,1.255129337310791016e+00,-8.459897637367248535e-01,-3.260573744773864746e-01,4.218861162662506104e-01,4.809099435806274414e-02,-4.923681616783142090e-01,1.740526556968688965e-01,-8.528066873550415039e-01,4.707561731338500977e-01,0.000000000000000000e+00,0.000000000000000000e+00,0.000000000000000000e+00,1.000000000000000000e+00
3.268122971057891846e-01,9.449686408042907715e-01,1.509921625256538391e-02,1.245117902755737305e+00,9.450892806053161621e-01,-3.267706036567687988e-01,-5.221316125243902206e-03,-6.122672557830810547e-02,-1.778091562876227272e-16,1.597649790346622467e-02,-9.998723864555358887e-01,4.681013822555541992e-01,0.000000000000000000e+00,0.000000000000000000e+00,0.000000000000000000e+00,1.000000000000000000e+00
-7.158812880516052246e-01,-6.430871486663818359e-01,2.719428539276123047e-01,1.229731321334838867e+00,-4.962441623210906982e-01,7.426047921180725098e-01,4.497552812099456787e-01,-8.526611328125000000e-02,-4.911779165267944336e-01,1.870213299989700317e-01,-8.507451415061950684e-01,4.667552113533020020e-01,0.000000000000000000e+00,0.000000000000000000e+00,0.000000000000000000e+00,1.000000000000000000e+00
-2.376347035169601440e-01,9.704975485801696777e-01,-4.079484194517135620e-02,1.257346272468566895e+00,8.338862657546997070e-01,2.253627628087997437e-01,5.038306713104248047e-01,4.042375087738037109e-02,4.981600940227508545e-01,8.570940047502517700e-02,-8.628385663032531738e-01,4.745625257492065430e-01,0.000000000000000000e+00,0.000000000000000000e+00,0.000000000000000000e+00,1.000000000000000000e+00
1.473102867603302002e-01,-9.802860617637634277e-01,-1.316772699356079102e-01,1.261171817779541016e+00,-8.585687875747680664e-01,-6.063441559672355652e-02,-5.091003179550170898e-01,-3.676533699035644531e-03,4.910797476768493652e-01,1.880497038364410400e-01,-8.505750894546508789e-01,4.732918739318847656e-01,0.000000000000000000e+00,0.000000000000000000e+00,0.000000000000000000e+00,1.000000000000000000e+00
-2.912097573280334473e-01,8.615777492523193359e-01,4.157892167568206787e-01,1.253610491752624512e+00,5.758594870567321777e-01,-1.891932636499404907e-01,7.953563928604125977e-01,-3.721904754638671875e-02,7.639258503913879395e-01,4.710517227649688721e-01,-4.410527944564819336e-01,4.724572896957397461e-01,0.000000000000000000e+00,0.000000000000000000e+00,0.000000000000000000e+00,1.000000000000000000e+00
-1.337136924266815186e-01,-8.926345109939575195e-01,-4.304930269718170166e-01,1.257180452346801758e+00,-8.708640336990356445e-01,3.131607472896575928e-01,-3.788485527038574219e-01,-2.468538284301757812e-02,4.729867875576019287e-01,3.242436349391937256e-01,-8.192371726036071777e-01,4.692929387092590332e-01,0.000000000000000000e+00,0.000000000000000000e+00,0.000000000000000000e+00,1.000000000000000000e+00
7.258079946041107178e-02,-9.357388615608215332e-01,-3.451445698738098145e-01,1.262686967849731445e+00,-9.973625540733337402e-01,-6.809628009796142578e-02,-2.511711418628692627e-02,3.118062019348144531e-02,8.673617379884035472e-17,3.460572659969329834e-01,-9.382134079933166504e-01,4.787418842315673828e-01,0.000000000000000000e+00,0.000000000000000000e+00,0.000000000000000000e+00,1.000000000000000000e+00
1.428297013044357300e-01,-9.287346601486206055e-01,-3.421280384063720703e-01,1.253074288368225098e+00,-5.461063981056213379e-01,2.143406569957733154e-01,-8.098307847976684570e-01,-4.065442085266113281e-02,8.254498839378356934e-01,3.025061786174774170e-01,-4.765737056732177734e-01,4.699711799621582031e-01,0.000000000000000000e+00,0.000000000000000000e+00,0.000000000000000000e+00,1.000000000000000000e+00
-5.492876097559928894e-02,-8.732538223266601562e-01,-4.841596484184265137e-01,1.255148649215698242e+00,-8.937803506851196289e-01,-1.731640547513961792e-01,4.137280285358428955e-01,5.007457733154296875e-02,-4.451286494731903076e-01,4.554579555988311768e-01,-7.709854245185852051e-01,4.709390401840209961e-01,0.000000000000000000e+00,0.000000000000000000e+00,0.000000000000000000e+00,1.000000000000000000e+00
-4.545673727989196777e-02,-8.909283280372619629e-01,-4.518632888793945312e-01,1.253846287727355957e+00,-8.857038021087646484e-01,2.451462745666503906e-01,-3.942487835884094238e-01,-3.870677947998046875e-02,4.620200097560882568e-01,3.822957575321197510e-01,-8.002421259880065918e-01,4.700749516487121582e-01,0.000000000000000000e+00,0.000000000000000000e+00,0.000000000000000000e+00,1.000000000000000000e+00
-3.363068103790283203e-01,-9.385257959365844727e-01,7.789161056280136108e-02,1.258095264434814453e+00,-7.998393177986145020e-01,3.283117413520812988e-01,5.024624466896057129e-01,-2.426052093505859375e-02,-4.971466660499572754e-01,1.066807657480239868e-01,-8.610832691192626953e-01,4.734368324279785156e-01,0.000000000000000000e+00,0.000000000000000000e+00,0.000000000000000000e+00,1.000000000000000000e+00
5.587877631187438965e-01,-7.819777131080627441e-01,2.761648893356323242e-01,1.260898470878601074e+00,-6.621299386024475098e-01,-6.211854219436645508e-01,-4.191808402538299561e-01,1.701200008392333984e-02,4.993396997451782227e-01,5.137608200311660767e-02,-8.648816943168640137e-01,4.732071757316589355e-01,0.000000000000000000e+00,0.000000000000000000e+00,0.000000000000000000e+00,1.000000000000000000e+00
2.278581112623214722e-01,-9.712986946105957031e-01,6.826069205999374390e-02,1.257108807563781738e+00,-8.359870314598083496e-01,-2.310935705900192261e-01,-4.977162182331085205e-01,4.207652807235717773e-02,4.992057085037231445e-01,5.634361878037452698e-02,-8.646496534347534180e-01,4.753275513648986816e-01,0.000000000000000000e+00,0.000000000000000000e+00,0.000000000000000000e+00,1.000000000000000000e+00
-1.224312111735343933e-01,-6.430871486663818359e-01,7.559427618980407715e-01,1.229731321334838867e+00,1.413774192333221436e-01,7.426047921180725098e-01,6.546376943588256836e-01,-8.526611328125000000e-02,-9.823558330535888672e-01,1.870213299989700317e-01,0.000000000000000000e+00,4.667552113533020020e-01,0.000000000000000000e+00,0.000000000000000000e+00,0.000000000000000000e+00,1.000000000000000000e+00
5.123155117034912109e-01,8.453723788261413574e-01,-1.512558907270431519e-01,1.240759968757629395e+00,7.020653486251831055e-01,-5.137060284614562988e-01,-4.931636750698089600e-01,-6.979584693908691406e-02,-4.946080148220062256e-01,1.464639008045196533e-01,-8.566861748695373535e-01,4.664440155029296875e-01,0.000000000000000000e+00,0.000000000000000000e+00,0.000000000000000000e+00,1.000000000000000000e+00
3.361027240753173828e-01,9.350839257240295410e-01,-1.124857589602470398e-01,1.255105495452880859e+00,7.990328073501586914e-01,-3.463296890258789062e-01,-4.915305972099304199e-01,-3.788292407989501953e-02,-4.985795319080352783e-01,7.532497495412826538e-02,-8.635650873184204102e-01,4.619558453559875488e-01,0.000000000000000000e+00,0.000000000000000000e+00,0.000000000000000000e+00,1.000000000000000000e+00
-1.942552328109741211e-01,-9.022841453552246094e-01,-3.849003314971923828e-01,1.254462480545043945e+00,-5.617809295654296875e-01,-2.193312048912048340e-01,7.976816296577453613e-01,4.961496591567993164e-02,-8.041561245918273926e-01,3.711835145950317383e-01,-4.642797708511352539e-01,4.699394106864929199e-01,0.000000000000000000e+00,0.000000000000000000e+00,0.000000000000000000e+00,1.000000000000000000e+00
-1.248343288898468018e-01,-9.327723979949951172e-01,-3.381597399711608887e-01,1.258135437965393066e+00,-8.653303980827331543e-01,2.690993845462799072e-01,-4.228343069553375244e-01,-2.363312244415283203e-02,4.854067564010620117e-01,2.398356646299362183e-01,-8.407491445541381836e-01,4.721352458000183105e-01,0.000000000000000000e+00,0.000000000000000000e+00,0.000000000000000000e+00,1.000000000000000000e+00
4.420299232006072998e-01,7.518943548202514648e-01,4.891466796398162842e-01,1.235923528671264648e+00,7.559972405433654785e-01,-6.057769656181335449e-01,2.479968667030334473e-01,-7.715868949890136719e-02,4.827812016010284424e-01,2.601715028285980225e-01,-8.362016081809997559e-01,4.668853282928466797e-01,0.000000000000000000e+00,0.000000000000000000e+00,0.000000000000000000e+00,1.000000000000000000e+00
2.530816495418548584e-01,9.296684265136718750e-01,2.677055299282073975e-01,1.260759949684143066e+00,8.475224375724792480e-01,-7.961183786392211914e-02,-5.247548222541809082e-01,2.493244409561157227e-02,-4.665354788303375244e-01,3.596922755241394043e-01,-8.080631494522094727e-01,4.716921448707580566e-01,0.000000000000000000e+00,0.000000000000000000e+00,0.000000000000000000e+00,1.000000000000000000e+00
-1.304889321327209473e-01,9.912691116333007812e-01,1.892485655844211578e-02,1.261538267135620117e+00,8.571211695671081543e-01,1.031949594616889954e-01,5.046722292900085449e-01,5.500555038452148438e-03,4.983130693435668945e-01,8.207503706216812134e-02,-8.631035685539245605e-01,4.765902757644653320e-01,0.000000000000000000e+00,0.000000000000000000e+00,0.000000000000000000e+00,1.000000000000000000e+00
3.250325024127960205e-01,9.430847764015197754e-01,-7.032079994678497314e-02,1.247210621833801270e+00,8.045017123222351074e-01,-3.148245215415954590e-01,-5.036491751670837402e-01,-5.594635009765625000e-02,-4.971225559711456299e-01,1.071291342377662659e-01,-8.610415458679199219e-01,4.731506109237670898e-01,0.000000000000000000e+00,0.000000000000000000e+00,0.000000000000000000e+00,1.000000000000000000e+00
1.959518194198608398e-01,9.786604642868041992e-01,6.185904145240783691e-02,1.258609533309936523e+00,4.917839467525482178e-01,-4.349974542856216431e-02,-8.696299791336059570e-01,-2.062416076660156250e-02,-8.483816385269165039e-01,2.008268684148788452e-01,-4.898133873939514160e-01,4.727610945701599121e-01,0.000000000000000000e+00,0.000000000000000000e+00,0.000000000000000000e+00,1.000000000000000000e+00
-7.559427618980407715e-01,-6.430871486663818359e-01,-1.224312111735343933e-01,1.229731321334838867e+00,-6.546376943588256836e-01,7.426047921180725098e-01,1.413774192333221436e-01,-8.526611328125000000e-02,-2.220446049250313081e-16,1.870213299989700317e-01,-9.823558330535888672e-01,4.667552113533020020e-01,0.000000000000000000e+00,0.000000000000000000e+00,0.000000000000000000e+00,1.000000000000000000e+00
-6.643422693014144897e-02,-9.959346652030944824e-01,-6.083324924111366272e-02,1.260819554328918457e+00,-9.977908134460449219e-01,6.631064414978027344e-02,4.050357732921838760e-03,1.941365003585815430e-02,-2.480654570646834145e-16,6.096793711185455322e-02,-9.981397390365600586e-01,4.658593535423278809e-01,0.000000000000000000e+00,0.000000000000000000e+00,0.000000000000000000e+00,1.000000000000000000e+00
3.375767767429351807e-01,-8.678765296936035156e-01,-3.644615709781646729e-01,1.243910431861877441e+00,-9.412980079650878906e-01,-3.112457096576690674e-01,-1.307065039873123169e-01,6.953638792037963867e-02,-1.249000902703301108e-16,3.871904313564300537e-01,-9.219997525215148926e-01,4.696600437164306641e-01,0.000000000000000000e+00,0.000000000000000000e+00,0.000000000000000000e+00,1.000000000000000000e+00
2.314612567424774170e-01,-9.712986946105957031e-01,-5.481356009840965271e-02,1.257108807563781738e+00,-9.728441238403320312e-01,-2.310935705900192261e-01,-1.304136496037244797e-02,4.207652807235717773e-02,-9.887923813067800438e-17,5.634361878037452698e-02,-9.984114170074462891e-01,4.753275513648986816e-01,0.000000000000000000e+00,0.000000000000000000e+00,0.000000000000000000e+00,1.000000000000000000e+00
-4.885506257414817810e-02,9.912691116333007812e-01,1.224691644310951233e-01,1.261538267135620117e+00,8.656195998191833496e-01,1.031949594616889954e-01,-4.899525940418243408e-01,5.500555038452148438e-03,-4.983130693435668945e-01,8.207503706216812134e-02,-8.631035685539245605e-01,4.765902757644653320e-01,0.000000000000000000e+00,0.000000000000000000e+00,0.000000000000000000e+00,1.000000000000000000e+00
4.822366535663604736e-01,-8.619433045387268066e-01,-1.565296500921249390e-01,1.252822041511535645e+00,-8.760409951210021973e-01,-4.744762480258941650e-01,-8.616529405117034912e-02,5.244779586791992188e-02,-1.387778780781445676e-16,1.786784529685974121e-01,-9.839075207710266113e-01,4.671995639801025391e-01,0.000000000000000000e+00,0.000000000000000000e+00,0.000000000000000000e+00,1.000000000000000000e+00
1.632005572319030762e-01,-9.712986946105957031e-01,1.730445474386215210e-01,1.257108807563781738e+00,-4.751279056072235107e-01,-2.310935705900192261e-01,-8.490284085273742676e-01,4.207652807235717773e-02,8.646496534347534180e-01,5.634361878037452698e-02,-4.992057085037231445e-01,4.753275513648986816e-01,0.000000000000000000e+00,0.000000000000000000e+00,0.000000000000000000e+00,1.000000000000000000e+00
-2.890119254589080811e-01,9.100567698478698730e-01,-2.971006035804748535e-01,1.252625703811645508e+00,4.192019402980804443e-01,3.993149697780609131e-01,8.153632879257202148e-01,5.267900228500366211e-02,8.606635928153991699e-01,1.111045554280281067e-01,-4.969043731689453125e-01,4.738559722900390625e-01,0.000000000000000000e+00,0.000000000000000000e+00,0.000000000000000000e+00,1.000000000000000000e+00
3.310264348983764648e-01,9.329648613929748535e-01,1.414146125316619873e-01,1.254694461822509766e+00,8.137378096580505371e-01,-2.063625752925872803e-01,-5.433647036552429199e-01,5.329155921936035156e-02,-4.777575135231018066e-01,2.949424982070922852e-01,-8.275002837181091309e-01,4.672583937644958496e-01,0.000000000000000000e+00,0.000000000000000000e+00,0.000000000000000000e+00,1.000000000000000000e+00
2.654668986797332764e-01,9.350839257240295410e-01,2.348306328058242798e-01,1.255105495452880859e+00,8.251944184303283691e-01,-3.463296890258789062e-01,4.462173879146575928e-01,-3.788292407989501953e-02,4.985795319080352783e-01,7.532497495412826538e-02,-8.635650873184204102e-01,4.619558453559875488e-01,0.000000000000000000e+00,0.000000000000000000e+00,0.000000000000000000e+00,1.000000000000000000e+00
-9.839557111263275146e-02,9.623365998268127441e-01,2.534295618534088135e-01,1.260256767272949219e+00,9.951474070549011230e-01,9.515139460563659668e-02,2.505794167518615723e-02,2.624756097793579102e-02,-2.567390744445674500e-16,2.546653449535369873e-01,-9.670292139053344727e-01,4.743772149085998535e-01,0.000000000000000000e+00,0.000000000000000000e+00,0.000000000000000000e+00,1.000000000000000000e+00
-3.187786042690277100e-01,9.251154065132141113e-01,2.062563151121139526e-01,1.249212741851806641e+00,9.478291869163513184e-01,3.111393749713897705e-01,6.936914473772048950e-02,6.437140703201293945e-02,9.714451465470119729e-17,2.176091670989990234e-01,-9.760360121726989746e-01,4.643188118934631348e-01,0.000000000000000000e+00,0.000000000000000000e+00,0.000000000000000000e+00,1.000000000000000000e+00
-6.185904145240783691e-02,9.786604642868041992e-01,1.959518194198608398e-01,1.258609533309936523e+00,8.696299791336059570e-01,-4.349974542856216431e-02,4.917839467525482178e-01,-2.062416076660156250e-02,4.898133873939514160e-01,2.008268684148788452e-01,-8.483816385269165039e-01,4.727610945701599121e-01,0.000000000000000000e+00,0.000000000000000000e+00,0.000000000000000000e+00,1.000000000000000000e+00
8.532238006591796875e-02,9.296684265136718750e-01,3.583806455135345459e-01,1.260759949684143066e+00,9.963533878326416016e-01,-7.961183786392211914e-02,-3.068980202078819275e-02,2.493244409561157227e-02,-1.179611963664228824e-16,3.596922755241394043e-01,-9.330709576606750488e-01,4.716921448707580566e-01,0.000000000000000000e+00,0.000000000000000000e+00,0.000000000000000000e+00,1.000000000000000000e+00
1.946602575480937958e-02,-9.959346652030944824e-01,-8.795034885406494141e-02,1.260819554328918457e+00,-5.024031400680541992e-01,6.631064414978027344e-02,-8.620870113372802734e-01,1.941365003585815430e-02,8.644143342971801758e-01,6.096793711185455322e-02,-4.990698695182800293e-01,4.658593535423278809e-01,0.000000000000000000e+00,0.000000000000000000e+00,0.000000000000000000e+00,1.000000000000000000e+00
4.157892167568206787e-01,8.615777492523193359e-01,2.912097573280334473e-01,1.253610491752624512e+00,7.953563928604125977e-01,-1.891932636499404907e-01,-5.758594870567321777e-01,-3.721904754638671875e-02,-4.410527944564819336e-01,4.710517227649688721e-01,-7.639258503913879395e-01,4.724572896957397461e-01,0.000000000000000000e+00,0.000000000000000000e+00,0.000000000000000000e+00,1.000000000000000000e+00
2.761648893356323242e-01,-7.819777131080627441e-01,-5.587877631187438965e-01,1.260898470878601074e+00,-4.191808402538299561e-01,-6.211854219436645508e-01,6.621299386024475098e-01,1.701200008392333984e-02,-8.648816943168640137e-01,5.137608200311660767e-02,-4.993396997451782227e-01,4.732071757316589355e-01,0.000000000000000000e+00,0.000000000000000000e+00,0.000000000000000000e+00,1.000000000000000000e+00
1.512558907270431519e-01,8.453723788261413574e-01,5.123155117034912109e-01,1.240759968757629395e+00,4.931636750698089600e-01,-5.137060284614562988e-01,7.020653486251831055e-01,-6.979584693908691406e-02,8.566861748695373535e-01,1.464639008045196533e-01,-4.946080148220062256e-01,4.664440155029296875e-01,0.000000000000000000e+00,0.000000000000000000e+00,0.000000000000000000e+00,1.000000000000000000e+00
-1.496292799711227417e-01,9.265347123146057129e-01,3.451732099056243896e-01,1.256083607673645020e+00,5.474598407745361328e-01,-2.130693793296813965e-01,8.092522621154785156e-01,-3.515398502349853516e-02,8.233461380004882812e-01,3.100562989711761475e-01,-4.753591120243072510e-01,4.685231447219848633e-01,0.000000000000000000e+00,0.000000000000000000e+00,0.000000000000000000e+00,1.000000000000000000e+00
-2.660101652145385742e-01,-9.017153382301330566e-01,3.408049941062927246e-01,1.249373197555541992e+00,-4.272484481334686279e-01,4.272071421146392822e-01,7.968392968177795410e-01,-5.158507823944091797e-02,-8.641165494918823242e-01,6.635893881320953369e-02,-4.988979101181030273e-01,4.742292165756225586e-01,0.000000000000000000e+00,0.000000000000000000e+00,0.000000000000000000e+00,1.000000000000000000e+00
-6.205029413104057312e-02,9.968386888504028320e-01,4.962223023176193237e-02,1.261140823364257812e+00,8.645923137664794922e-01,2.884664200246334076e-02,5.016452670097351074e-01,-3.919720649719238281e-03,4.986279904842376709e-01,7.403023540973663330e-02,-8.636490106582641602e-01,4.757367372512817383e-01,0.000000000000000000e+00,0.000000000000000000e+00,0.000000000000000000e+00,1.000000000000000000e+00
3.077056072652339935e-02,9.931096434593200684e-01,1.130770295858383179e-01,1.254432082176208496e+00,4.997318983078002930e-01,-1.132615655660629272e-01,8.587431907653808594e-01,-3.807973861694335938e-02,8.656334280967712402e-01,3.008418716490268707e-02,-4.997736811637878418e-01,4.720242619514465332e-01,0.000000000000000000e+00,0.000000000000000000e+00,0.000000000000000000e+00,1.000000000000000000e+00
-1.061045229434967041e-01,9.854242801666259766e-01,1.329693943262100220e-01,1.261127114295959473e+00,5.075690746307373047e-01,-6.131577864289283752e-02,8.594265580177307129e-01,-3.982186317443847656e-03,8.550528883934020996e-01,1.586802005767822266e-01,-4.936650097370147705e-01,4.746732115745544434e-01,0.000000000000000000e+00,0.000000000000000000e+00,0.000000000000000000e+00,1.000000000000000000e+00
8.318659663200378418e-02,9.931096434593200684e-01,8.254230022430419922e-02,1.254432082176208496e+00,8.621520996093750000e-01,-1.132615655660629272e-01,4.938274621963500977e-01,-3.807973861694335938e-02,4.997736811637878418e-01,3.008418716490268707e-02,-8.656334280967712402e-01,4.720242619514465332e-01,0.000000000000000000e+00,0.000000000000000000e+00,0.000000000000000000e+00,1.000000000000000000e+00
5.193061828613281250e-01,8.453723788261413574e-01,1.251663267612457275e-01,1.240759968757629395e+00,8.545882701873779297e-01,-5.137060284614562988e-01,-7.605960965156555176e-02,-6.979584693908691406e-02,-1.942890293094023946e-16,1.464639008045196533e-01,-9.892160296440124512e-01,4.664440155029296875e-01,0.000000000000000000e+00,0.000000000000000000e+00,0.000000000000000000e+00,1.000000000000000000e+00
-3.812620639801025391e-01,-9.241959452629089355e-01,-2.238440327346324921e-02,1.259392261505126953e+00,-4.412282109260559082e-01,1.606373339891433716e-01,8.829005360603332520e-01,-1.517057418823242188e-02,-8.123773336410522461e-01,3.464930951595306396e-01,-4.690262675285339355e-01,4.714354872703552246e-01,0.000000000000000000e+00,0.000000000000000000e+00,0.000000000000000000e+00,1.000000000000000000e+00
1.181114390492439270e-01,8.728130459785461426e-01,4.735472798347473145e-01,1.241331577301025391e+00,5.034312605857849121e-01,-4.636875987052917480e-01,7.290752530097961426e-01,-6.763589382171630859e-02,8.559244275093078613e-01,1.522863805294036865e-01,-4.941681921482086182e-01,4.707987904548645020e-01,0.000000000000000000e+00,0.000000000000000000e+00,0.000000000000000000e+00,1.000000000000000000e+00
9.361131489276885986e-02,9.950842261314392090e-01,3.231624513864517212e-02,1.261196374893188477e+00,9.956088066101074219e-01,-9.356198459863662720e-02,-3.038508584722876549e-03,2.127885818481445312e-02,1.166601537594402771e-16,3.245877474546432495e-02,-9.994730949401855469e-01,4.640942811965942383e-01,0.000000000000000000e+00,0.000000000000000000e+00,0.000000000000000000e+00,1.000000000000000000e+00
-2.638596296310424805e-02,9.862699508666992188e-01,1.630196124315261841e-01,1.262053012847900391e+00,8.690696358680725098e-01,-5.795329064130783081e-02,4.912833869457244873e-01,1.553416252136230469e-02,4.939855635166168213e-01,1.546383798122406006e-01,-8.556081056594848633e-01,4.697884917259216309e-01,0.000000000000000000e+00,0.000000000000000000e+00,0.000000000000000000e+00,1.000000000000000000e+00
2.159699946641921997e-01,9.329648613929748535e-01,2.879818677902221680e-01,1.254694461822509766e+00,9.764000177383422852e-01,-2.063625752925872803e-01,-6.369873136281967163e-02,5.329155921936035156e-02,-2.081668171172168513e-17,2.949424982070922852e-01,-9.555150270462036133e-01,4.672583937644958496e-01,0.000000000000000000e+00,0.000000000000000000e+00,0.000000000000000000e+00,1.000000000000000000e+00
9.993639588356018066e-02,-9.414418935775756836e-01,-3.220247030258178711e-01,1.258907914161682129e+00,-8.758989572525024414e-01,7.029955089092254639e-02,-4.773457348346710205e-01,-1.775932312011718750e-02,4.720314741134643555e-01,3.297653198242187500e-01,-8.175824880599975586e-01,4.711931943893432617e-01,0.000000000000000000e+00,0.000000000000000000e+00,0.000000000000000000e+00,1.000000000000000000e+00
-2.731004357337951660e-01,-9.612609148025512695e-01,-3.733187168836593628e-02,1.260121345520019531e+00,-9.619855284690856934e-01,2.728947103023529053e-01,1.059823576360940933e-02,-1.390409469604492188e-02,-1.804112415015879378e-16,3.880710154771804810e-02,-9.992467164993286133e-01,4.677383899688720703e-01,0.000000000000000000e+00,0.000000000000000000e+00,0.000000000000000000e+00,1.000000000000000000e+00
-1.161333695054054260e-01,-8.029857277870178223e-01,-5.845741629600524902e-01,1.264999389648437500e+00,-9.932336211204528809e-01,9.388872981071472168e-02,6.835105270147323608e-02,-1.244473457336425781e-02,7.632783294297951215e-17,5.885565280914306641e-01,-8.084560632705688477e-01,4.776787161827087402e-01,0.000000000000000000e+00,0.000000000000000000e+00,0.000000000000000000e+00,1.000000000000000000e+00
-2.515496015548706055e-01,-9.644355773925781250e-01,-8.115933835506439209e-02,1.255697369575500488e+00,-9.678444266319274902e-01,2.506636083126068115e-01,2.109388634562492371e-02,-3.385794162750244141e-02,-2.671474153004282925e-16,8.385577052831649780e-02,-9.964779019355773926e-01,4.712284803390502930e-01,0.000000000000000000e+00,0.000000000000000000e+00,0.000000000000000000e+00,1.000000000000000000e+00
-8.570060878992080688e-02,-8.874604701995849609e-01,4.528458416461944580e-01,1.241799950599670410e+00,4.352809488773345947e-02,4.507490098476409912e-01,8.915888071060180664e-01,-6.706273555755615234e-02,-9.953696131706237793e-01,9.612122178077697754e-02,0.000000000000000000e+00,4.672319889068603516e-01,0.000000000000000000e+00,0.000000000000000000e+00,0.000000000000000000e+00,1.000000000000000000e+00
1.503298580646514893e-01,9.449686408042907715e-01,2.905773818492889404e-01,1.245117902755737305e+00,4.770664274692535400e-01,-3.267706036567687988e-01,8.158606290817260742e-01,-6.122672557830810547e-02,8.659148812294006348e-01,1.597649790346622467e-02,-4.999361932277679443e-01,4.681013822555541992e-01,0.000000000000000000e+00,0.000000000000000000e+00,0.000000000000000000e+00,1.000000000000000000e+00
-2.261951118707656860e-01,9.704975485801696777e-01,8.348798006772994995e-02,1.257346272468566895e+00,9.740819931030273438e-01,2.253627628087997437e-01,1.938704773783683777e-02,4.042375087738037109e-02,8.673617379884035472e-17,8.570940047502517700e-02,-9.963201880455017090e-01,4.745625257492065430e-01,0.000000000000000000e+00,0.000000000000000000e+00,0.000000000000000000e+00,1.000000000000000000e+00
4.304456710815429688e-02,9.329648613929748535e-01,3.573846220970153809e-01,1.254694461822509766e+00,8.774365782737731934e-01,-2.063625752925872803e-01,4.330352842807769775e-01,5.329155921936035156e-02,4.777575135231018066e-01,2.949424982070922852e-01,-8.275002837181091309e-01,4.672583937644958496e-01,0.000000000000000000e+00,0.000000000000000000e+00,0.000000000000000000e+00,1.000000000000000000e+00
5.209977626800537109e-01,-8.495876789093017578e-01,-8.223220705986022949e-02,1.263588547706604004e+00,-4.087732434272766113e-01,-1.637737303972244263e-01,-8.978210091590881348e-01,2.580958604812622070e-02,7.493101954460144043e-01,5.013770461082458496e-01,-4.326144456863403320e-01,4.764711260795593262e-01,0.000000000000000000e+00,0.000000000000000000e+00,0.000000000000000000e+00,1.000000000000000000e+00
-1.344861388206481934e-01,8.728130459785461426e-01,4.691596925258636475e-01,1.241331577301025391e+00,7.144663482904434204e-02,-4.636875987052917480e-01,8.831133246421813965e-01,-6.763589382171630859e-02,9.883363842964172363e-01,1.522863805294036865e-01,3.236567683902457108e-16,4.707987904548645020e-01,0.000000000000000000e+00,0.000000000000000000e+00,0.000000000000000000e+00,1.000000000000000000e+00
-3.445948064327239990e-01,-8.598113059997558594e-01,3.768008947372436523e-01,1.237945675849914551e+00,-3.786002993583679199e-01,4.945834577083587646e-01,7.823356389999389648e-01,-7.377576828002929688e-02,-8.590205311775207520e-01,1.269318610429763794e-01,-4.959557056427001953e-01,4.675089120864868164e-01,0.000000000000000000e+00,0.000000000000000000e+00,0.000000000000000000e+00,1.000000000000000000e+00
2.332429960370063782e-02,-9.291890263557434082e-01,-3.688681423664093018e-01,1.255129337310791016e+00,-5.217055678367614746e-01,-3.260573744773864746e-01,7.883589863777160645e-01,4.809099435806274414e-02,-8.528066873550415039e-01,1.740526556968688965e-01,-4.923681616783142090e-01,4.707561731338500977e-01,0.000000000000000000e+00,0.000000000000000000e+00,0.000000000000000000e+00,1.000000000000000000e+00
-6.912022829055786133e-02,9.256384372711181641e-01,3.720428049564361572e-01,1.261428356170654297e+00,8.817914724349975586e-01,-1.177205815911293030e-01,4.567117691040039062e-01,-6.340146064758300781e-03,4.665470719337463379e-01,3.596321940422058105e-01,-8.080832362174987793e-01,4.704397320747375488e-01,0.000000000000000000e+00,0.000000000000000000e+00,0.000000000000000000e+00,1.000000000000000000e+00
2.241141200065612793e-01,9.265347123146057129e-01,3.021693527698516846e-01,1.256083607673645020e+00,9.745628833770751953e-01,-2.130693793296813965e-01,-6.948799639940261841e-02,-3.515398502349853516e-02,1.526556658859590243e-16,3.100562989711761475e-01,-9.507182240486145020e-01,4.685231447219848633e-01,0.000000000000000000e+00,0.000000000000000000e+00,0.000000000000000000e+00,1.000000000000000000e+00
-9.487490355968475342e-02,9.954741597175598145e-01,5.469938740134239197e-03,1.261303544044494629e+00,9.954891800880432129e-01,9.487347304821014404e-02,5.213114200159907341e-04,2.408134937286376953e-02,2.125036258071588691e-17,5.494724027812480927e-03,-9.999849200248718262e-01,4.717004895210266113e-01,0.000000000000000000e+00,0.000000000000000000e+00,0.000000000000000000e+00,1.000000000000000000e+00
3.665057197213172913e-02,-2.996578812599182129e-01,9.533424973487854004e-01,1.213681697845458984e+00,1.157389953732490540e-01,-9.462908506393432617e-01,-3.018908798694610596e-01,8.871829509735107422e-02,9.926032423973083496e-01,1.214033737778663635e-01,3.090112246250840359e-16,4.686194062232971191e-01,0.000000000000000000e+00,0.000000000000000000e+00,0.000000000000000000e+00,1.000000000000000000e+00
3.644615709781646729e-01,-8.678765296936035156e-01,3.375767767429351807e-01,1.243910431861877441e+00,1.307065039873123169e-01,-3.112457096576690674e-01,-9.412980079650878906e-01,6.953638792037963867e-02,9.219997525215148926e-01,3.871904313564300537e-01,-5.363993898374283011e-16,4.696600437164306641e-01,0.000000000000000000e+00,0.000000000000000000e+00,0.000000000000000000e+00,1.000000000000000000e+00
1.892836987972259521e-01,-8.495876789093017578e-01,-4.923133850097656250e-01,1.263588547706604004e+00,-9.819224476814270020e-01,-1.637737303972244263e-01,-9.490250796079635620e-02,2.580958604812622070e-02,-1.942890293094023946e-16,5.013770461082458496e-01,-8.652288913726806641e-01,4.764711260795593262e-01,0.000000000000000000e+00,0.000000000000000000e+00,0.000000000000000000e+00,1.000000000000000000e+00
5.072301626205444336e-01,8.447797298431396484e-01,-1.704838275909423828e-01,1.255794167518615723e+00,7.046918272972106934e-01,-5.204373002052307129e-01,-4.822389483451843262e-01,-3.298711776733398438e-02,-4.961118400096893311e-01,1.244675815105438232e-01,-8.592908978462219238e-01,4.728714823722839355e-01,0.000000000000000000e+00,0.000000000000000000e+00,0.000000000000000000e+00,1.000000000000000000e+00
4.012584090232849121e-01,8.447797298431396484e-01,3.540323078632354736e-01,1.255794167518615723e+00,7.699770927429199219e-01,-5.204373002052307129e-01,3.691615760326385498e-01,-3.298711776733398438e-02,4.961118400096893311e-01,1.244675815105438232e-01,-8.592908978462219238e-01,4.728714823722839355e-01,0.000000000000000000e+00,0.000000000000000000e+00,0.000000000000000000e+00,1.000000000000000000e+00
-2.178459763526916504e-01,-9.612609148025512695e-01,-1.688805520534515381e-01,1.260121345520019531e+00,-8.384030461311340332e-01,2.728947103023529053e-01,-4.718144237995147705e-01,-1.390409469604492188e-02,4.996233582496643066e-01,3.880710154771804810e-02,-8.653730154037475586e-01,4.677383899688720703e-01,0.000000000000000000e+00,0.000000000000000000e+00,0.000000000000000000e+00,1.000000000000000000e+00
-4.518632888793945312e-01,-8.909283280372619629e-01,4.545673727989196777e-02,1.253846287727355957e+00,-3.942487835884094238e-01,2.451462745666503906e-01,8.857038021087646484e-01,-3.870677947998046875e-02,-8.002421259880065918e-01,3.822957575321197510e-01,-4.620200097560882568e-01,4.700749516487121582e-01,0.000000000000000000e+00,0.000000000000000000e+00,0.000000000000000000e+00,1.000000000000000000e+00
1.382358074188232422e-01,7.518943548202514648e-01,6.446284055709838867e-01,1.235923528671264648e+00,5.307143926620483398e-01,-6.057769656181335449e-01,5.927702188491821289e-01,-7.715868949890136719e-02,8.362016081809997559e-01,2.601715028285980225e-01,-4.827812016010284424e-01,4.668853282928466797e-01,0.000000000000000000e+00,0.000000000000000000e+00,0.000000000000000000e+00,1.000000000000000000e+00
-4.440268874168395996e-01,-8.323172330856323242e-01,-3.317953944206237793e-01,1.237681269645690918e+00,-8.960134387016296387e-01,4.124616682529449463e-01,1.644239574670791626e-01,-7.293391227722167969e-02,-1.665334536937734811e-16,3.703018128871917725e-01,-9.289115071296691895e-01,4.664654731750488281e-01,0.000000000000000000e+00,0.000000000000000000e+00,0.000000000000000000e+00,1.000000000000000000e+00
-2.306865751743316650e-01,-9.160911440849304199e-01,-3.279644548892974854e-01,1.254598736763000488e+00,-5.467473864555358887e-01,-1.567748337984085083e-01,8.224895000457763672e-01,4.778498411178588867e-02,-8.048919439315795898e-01,3.690510094165802002e-01,-4.647045731544494629e-01,4.686999320983886719e-01,0.000000000000000000e+00,0.000000000000000000e+00,0.000000000000000000e+00,1.000000000000000000e+00
-2.686742246150970459e-01,9.623365998268127441e-01,4.150171950459480286e-02,1.260256767272949219e+00,4.758728742599487305e-01,9.515139460563659668e-02,8.743518590927124023e-01,2.624756097793579102e-02,8.374719023704528809e-01,2.546653449535369873e-01,-4.835146069526672363e-01,4.743772149085998535e-01,0.000000000000000000e+00,0.000000000000000000e+00,0.000000000000000000e+00,1.000000000000000000e+00
-3.535169363021850586e-01,-7.366199493408203125e-01,5.765559673309326172e-01,1.231759428977966309e+00,-3.542135357856750488e-01,6.758716106414794922e-01,6.463206410408020020e-01,-8.281314373016357422e-02,-8.657705187797546387e-01,2.426136285066604614e-02,-4.998528361320495605e-01,4.685163497924804688e-01,0.000000000000000000e+00,0.000000000000000000e+00,0.000000000000000000e+00,1.000000000000000000e+00
3.085760772228240967e-01,-9.186449050903320312e-01,-2.467233240604400635e-01,1.258642435073852539e+00,-5.192396640777587891e-01,5.464613437652587891e-02,-8.528798222541809082e-01,-1.979327201843261719e-02,7.969761490821838379e-01,3.912868499755859375e-01,-4.601343870162963867e-01,4.710589647293090820e-01,0.000000000000000000e+00,0.000000000000000000e+00,0.000000000000000000e+00,1.000000000000000000e+00
2.292879074811935425e-01,-9.251821041107177734e-01,3.024319410324096680e-01,1.247782707214355469e+00,7.275084406137466431e-02,-2.935513556003570557e-01,-9.531709551811218262e-01,6.328397989273071289e-02,9.706360697746276855e-01,2.405527681112289429e-01,-1.301569090898883072e-16,4.700089693069458008e-01,0.000000000000000000e+00,0.000000000000000000e+00,0.000000000000000000e+00,1.000000000000000000e+00
-1.035443022847175598e-01,9.912691116333007812e-01,8.163387328386306763e-02,1.261538267135620117e+00,9.946248531341552734e-01,1.031949594616889954e-01,8.498403243720531464e-03,5.500555038452148438e-03,-1.196959198423996895e-16,8.207503706216812134e-02,-9.966261386871337891e-01,4.765902757644653320e-01,0.000000000000000000e+00,0.000000000000000000e+00,0.000000000000000000e+00,1.000000000000000000e+00
1.424154192209243774e-01,-9.577555656433105469e-01,-2.498441785573959351e-01,1.261224746704101562e+00,-9.898069500923156738e-01,-1.378037929534912109e-01,-3.594808280467987061e-02,1.068651676177978516e-02,-1.804112415015879378e-16,2.524170875549316406e-01,-9.676185250282287598e-01,4.698914289474487305e-01,0.000000000000000000e+00,0.000000000000000000e+00,0.000000000000000000e+00,1.000000000000000000e+00
-2.892601490020751953e-02,9.968386888504028320e-01,7.399925589561462402e-02,1.261140823364257812e+00,9.995815753936767578e-01,2.884664200246334076e-02,2.141399774700403214e-03,-3.919720649719238281e-03,-1.431146867680865853e-16,7.403023540973663330e-02,-9.972559809684753418e-01,4.757367372512817383e-01,0.000000000000000000e+00,0.000000000000000000e+00,0.000000000000000000e+00,1.000000000000000000e+00
3.390611410140991211e-01,8.728130459785461426e-01,3.510482609272003174e-01,1.241331577301025391e+00,8.005219101905822754e-01,-4.636875987052917480e-01,3.796820640563964844e-01,-6.763589382171630859e-02,4.941681921482086182e-01,1.522863805294036865e-01,-8.559244275093078613e-01,4.707987904548645020e-01,0.000000000000000000e+00,0.000000000000000000e+00,0.000000000000000000e+00,1.000000000000000000e+00
