-3.025076091289520264e-01,5.108558535575866699e-01,8.046834468841552734e-01,1.102734923362731934e+00,4.594935774803161621e-01,8.178219199180603027e-01,-3.464577198028564453e-01,-1.725459098815917969e-02,-8.350777029991149902e-01,2.649407982826232910e-01,-4.821323454380035400e-01,4.686618447303771973e-01,0.000000000000000000e+00,0.000000000000000000e+00,0.000000000000000000e+00,1.000000000000000000e+00
5.075430274009704590e-01,-3.764384686946868896e-01,7.750446200370788574e-01,1.100008606910705566e+00,-8.034641295671463013e-02,-9.162715077400207520e-01,-3.924168646335601807e-01,-1.596188545227050781e-02,8.578720688819885254e-01,1.368963867425918579e-01,-4.952926933765411377e-01,4.673660993576049805e-01,0.000000000000000000e+00,0.000000000000000000e+00,0.000000000000000000e+00,1.000000000000000000e+00
8.253743052482604980e-01,-3.290798068046569824e-01,4.587632715702056885e-01,1.037210226058959961e+00,-2.632538974285125732e-01,-9.431464076042175293e-01,-2.029095292091369629e-01,4.053473472595214844e-03,4.994543492794036865e-01,4.670508205890655518e-02,-8.650803565979003906e-01,4.626502990722656250e-01,0.000000000000000000e+00,0.000000000000000000e+00,0.000000000000000000e+00,1.000000000000000000e+00
9.249798655509948730e-01,-3.764384686946868896e-01,-5.202284455299377441e-02,1.100008606910705566e+00,-3.800161778926849365e-01,-9.162715077400207520e-01,-1.266264021396636963e-01,-1.596188545227050781e-02,2.289834988289385365e-16,1.368963867425918579e-01,-9.905853867530822754e-01,4.673660993576049805e-01,0.000000000000000000e+00,0.000000000000000000e+00,0.000000000000000000e+00,1.000000000000000000e+00
8.336694240570068359e-01,-3.586371839046478271e-01,4.199698269367218018e-01,1.080146908760070801e+00,-2.456911653280258179e-01,-9.219022989273071289e-01,-2.995530068874359131e-01,-9.780168533325195312e-03,4.946019649505615234e-01,1.465453058481216431e-01,-8.566757440567016602e-01,4.665105342864990234e-01,0.000000000000000000e+00,0.000000000000000000e+00,0.000000000000000000e+00,1.000000000000000000e+00
-5.039930343627929688e-01,2.399804145097732544e-01,-8.296989798545837402e-01,1.087806344032287598e+00,4.505518451333045959e-02,9.666216969490051270e-01,2.522152960300445557e-01,-1.215112209320068359e-02,8.625317811965942383e-01,8.973250538110733032e-02,-4.979829490184783936e-01,4.701709151268005371e-01,0.000000000000000000e+00,0.000000000000000000e+00,0.000000000000000000e+00,1.000000000000000000e+00
9.531290531158447266e-01,-3.020898997783660889e-01,-1.693344861268997192e-02,1.024399876594543457e+00,-3.025641143321990967e-01,-9.516351222991943359e-01,-5.334328114986419678e-02,8.002340793609619141e-03,-7.632783294297951215e-17,5.596648156642913818e-02,-9.984326362609863281e-01,4.637181162834167480e-01,0.000000000000000000e+00,0.000000000000000000e+00,0.000000000000000000e+00,1.000000000000000000e+00
6.528580784797668457e-01,-5.107573866844177246e-01,-5.593775510787963867e-01,1.102656006813049316e+00,-5.878877639770507812e-01,-8.073315620422363281e-01,5.102687701582908630e-02,-1.775372028350830078e-02,-4.776655137538909912e-01,2.955378890037536621e-01,-8.273409008979797363e-01,4.685521721839904785e-01,0.000000000000000000e+00,0.000000000000000000e+00,0.000000000000000000e+00,1.000000000000000000e+00
4.739672541618347168e-01,-2.584090530872344971e-01,-8.417718410491943359e-01,1.072988867759704590e+00,-1.630097031593322754e-01,-9.651952981948852539e-01,2.045137882232666016e-01,-7.034182548522949219e-03,-8.653224110603332520e-01,4.028413444757461548e-02,-4.995941221714019775e-01,4.723105430603027344e-01,0.000000000000000000e+00,0.000000000000000000e+00,0.000000000000000000e+00,1.000000000000000000e+00
-8.296989798545837402e-01,2.399804145097732544e-01,5.039930343627929688e-01,1.087806344032287598e+00,2.522152960300445557e-01,9.666216969490051270e-01,-4.505518451333045959e-02,-1.215112209320068359e-02,-4.979829490184783936e-01,8.973250538110733032e-02,-8.625317811965942383e-01,4.701709151268005371e-01,0.000000000000000000e+00,0.000000000000000000e+00,0.000000000000000000e+00,1.000000000000000000e+00
-8.346650600433349609e-01,3.008731305599212646e-01,-4.613129496574401855e-01,1.078749299049377441e+00,2.328273206949234009e-01,9.518288969993591309e-01,1.995324939489364624e-01,-9.149193763732910156e-03,4.991249442100524902e-01,5.913653597235679626e-02,-8.645097613334655762e-01,4.694727659225463867e-01,0.000000000000000000e+00,0.000000000000000000e+00,0.000000000000000000e+00,1.000000000000000000e+00
-4.613129496574401855e-01,3.008731305599212646e-01,8.346650600433349609e-01,1.078749299049377441e+00,1.995324939489364624e-01,9.518288969993591309e-01,-2.328273206949234009e-01,-9.149193763732910156e-03,-8.645097613334655762e-01,5.913653597235679626e-02,-4.991249442100524902e-01,4.694727659225463867e-01,0.000000000000000000e+00,0.000000000000000000e+00,0.000000000000000000e+00,1.000000000000000000e+00
-4.659629762172698975e-01,1.268615424633026123e-01,8.756623864173889160e-01,1.101996421813964844e+00,2.897538840770721436e-01,9.569749832153320312e-01,1.554395910352468491e-02,-1.693308353424072266e-02,-8.360150456428527832e-01,2.609694898128509521e-01,-4.826735258102416992e-01,4.725800752639770508e-01,0.000000000000000000e+00,0.000000000000000000e+00,0.000000000000000000e+00,1.000000000000000000e+00
4.428926110267639160e-01,-2.000229209661483765e-01,-8.739776611328125000e-01,1.101698637008666992e+00,-3.221818208694458008e-01,-9.451900124549865723e-01,5.305365845561027527e-02,-1.686429977416992188e-02,-8.366869091987609863e-01,2.580826580524444580e-01,-4.830614328384399414e-01,4.664397835731506348e-01,0.000000000000000000e+00,0.000000000000000000e+00,0.000000000000000000e+00,1.000000000000000000e+00
-8.555943965911865234e-01,6.557118147611618042e-02,5.134770274162292480e-01,1.103548645973205566e+00,1.830521523952484131e-01,9.661785364151000977e-01,1.816340684890747070e-01,-1.558613777160644531e-02,-4.842005074024200439e-01,2.493981570005416870e-01,-8.386598825454711914e-01,4.675791859626770020e-01,0.000000000000000000e+00,0.000000000000000000e+00,0.000000000000000000e+00,1.000000000000000000e+00
9.982656836509704590e-01,-5.688035488128662109e-02,-1.517350599169731140e-02,1.063012957572937012e+00,-5.886943265795707703e-02,-9.645363688468933105e-01,-2.573014497756958008e-01,-3.902435302734375000e-03,2.133709875451472726e-16,2.577484548091888428e-01,-9.662120342254638672e-01,4.690482020378112793e-01,0.000000000000000000e+00,0.000000000000000000e+00,0.000000000000000000e+00,1.000000000000000000e+00
-1.041824184358119965e-02,-2.584090530872344971e-01,-9.659793972969055176e-01,1.072988867759704590e+00,-3.891364485025405884e-02,-9.651952981948852539e-01,2.586189806461334229e-01,-7.034182548522949219e-03,-9.991882443428039551e-01,4.028413444757461548e-02,0.000000000000000000e+00,4.723105430603027344e-01,0.000000000000000000e+00,0.000000000000000000e+00,0.000000000000000000e+00,1.000000000000000000e+00
-4.294958710670471191e-01,4.564622044563293457e-01,7.792146801948547363e-01,1.067766427993774414e+00,2.581731081008911133e-01,8.889032006263732910e-01,-3.784148395061492920e-01,-5.656480789184570312e-03,-8.653784990310668945e-01,3.864466398954391479e-02,-4.996265172958374023e-01,4.677241444587707520e-01,0.000000000000000000e+00,0.000000000000000000e+00,0.000000000000000000e+00,1.000000000000000000e+00
-9.779782295227050781e-01,1.943178325891494751e-01,7.615216821432113647e-02,1.072339534759521484e+00,2.087069004774093628e-01,9.105525612831115723e-01,3.568409085273742676e-01,-6.342053413391113281e-03,-1.665334536937734811e-16,3.648761212825775146e-01,-9.310560822486877441e-01,4.666085839271545410e-01,0.000000000000000000e+00,0.000000000000000000e+00,0.000000000000000000e+00,1.000000000000000000e+00
4.847645759582519531e-01,-2.939006686210632324e-01,8.237873911857604980e-01,1.024208068847656250e+00,-1.246924027800559998e-01,-9.554558396339416504e-01,-2.674993872642517090e-01,8.060455322265625000e-03,8.657107353210449219e-01,2.695420384407043457e-02,-4.998183250427246094e-01,4.648387432098388672e-01,0.000000000000000000e+00,0.000000000000000000e+00,0.000000000000000000e+00,1.000000000000000000e+00
-8.756623864173889160e-01,1.268615424633026123e-01,-4.659629762172698975e-01,1.101996421813964844e+00,-1.554395910352468491e-02,9.569749832153320312e-01,2.897538840770721436e-01,-1.693308353424072266e-02,4.826735258102416992e-01,2.609694898128509521e-01,-8.360150456428527832e-01,4.725800752639770508e-01,0.000000000000000000e+00,0.000000000000000000e+00,0.000000000000000000e+00,1.000000000000000000e+00
-5.456225275993347168e-01,5.108558535575866699e-01,-6.643210053443908691e-01,1.102734923362731934e+00,7.029438018798828125e-02,8.178219199180603027e-01,5.711619853973388672e-01,-1.725459098815917969e-02,8.350777029991149902e-01,2.649407982826232910e-01,-4.821323454380035400e-01,4.686618447303771973e-01,0.000000000000000000e+00,0.000000000000000000e+00,0.000000000000000000e+00,1.000000000000000000e+00
9.682033658027648926e-01,-2.501404881477355957e-01,-3.468673909083008766e-03,1.028290629386901855e+00,-2.501645386219024658e-01,-9.681102633476257324e-01,-1.342469081282615662e-02,6.917238235473632812e-03,1.270684946153011197e-16,1.386556960642337799e-02,-9.999038577079772949e-01,4.683542251586914062e-01,0.000000000000000000e+00,0.000000000000000000e+00,0.000000000000000000e+00,1.000000000000000000e+00
8.205450773239135742e-01,-2.000229209661483765e-01,-5.354405641555786133e-01,1.101698637008666992e+00,-3.055444955825805664e-01,-9.451900124549865723e-01,-1.151451021432876587e-01,-1.686429977416992188e-02,-4.830614328384399414e-01,2.580826580524444580e-01,-8.366869091987609863e-01,4.664397835731506348e-01,0.000000000000000000e+00,0.000000000000000000e+00,0.000000000000000000e+00,1.000000000000000000e+00
-8.339046239852905273e-01,2.625908851623535156e-01,4.854370355606079102e-01,1.028765082359313965e+00,2.337652444839477539e-01,9.648178815841674805e-01,-1.203337609767913818e-01,6.681859493255615234e-03,-4.999568760395050049e-01,1.313142571598291397e-02,-8.659507632255554199e-01,4.652391672134399414e-01,0.000000000000000000e+00,0.000000000000000000e+00,0.000000000000000000e+00,1.000000000000000000e+00
3.452085256576538086e-01,-6.054518222808837891e-01,-7.171186804771423340e-01,1.017451047897338867e+00,-3.715225160121917725e-01,-7.898296713829040527e-01,4.879960417747497559e-01,9.058535099029541016e-03,-8.618596792221069336e-01,9.796532243490219116e-02,-4.975949227809906006e-01,4.665825963020324707e-01,0.000000000000000000e+00,0.000000000000000000e+00,0.000000000000000000e+00,1.000000000000000000e+00
-4.786776006221771240e-01,-7.893584668636322021e-02,-8.744351863861083984e-01,1.060948729515075684e+00,-2.793170213699340820e-01,9.578981399536132812e-01,6.643179059028625488e-02,-4.012584686279296875e-03,8.323760032653808594e-01,2.760440409183502197e-01,-4.805724918842315674e-01,4.665688276290893555e-01,0.000000000000000000e+00,0.000000000000000000e+00,0.000000000000000000e+00,1.000000000000000000e+00
-3.346063429489731789e-03,-2.302519977092742920e-01,-9.731252789497375488e-01,1.084132552146911621e+00,-1.414013840258121490e-02,-9.730225205421447754e-01,2.302763164043426514e-01,-1.067578792572021484e-02,-9.998944401741027832e-01,1.453064475208520889e-02,0.000000000000000000e+00,4.689614176750183105e-01,0.000000000000000000e+00,0.000000000000000000e+00,0.000000000000000000e+00,1.000000000000000000e+00
4.614564776420593262e-01,-2.641286849975585938e-01,-8.469321131706237793e-01,1.093749523162841797e+00,-2.076416611671447754e-01,-9.602915644645690918e-01,1.863466501235961914e-01,-1.357853412628173828e-02,-8.625212311744689941e-01,8.986751735210418701e-02,-4.979768693447113037e-01,4.710851311683654785e-01,0.000000000000000000e+00,0.000000000000000000e+00,0.000000000000000000e+00,1.000000000000000000e+00
8.854110836982727051e-01,-3.295703232288360596e-01,3.277660608291625977e-01,1.092926979064941406e+00,-1.147952005267143250e-01,-8.383677005767822266e-01,-5.328805446624755859e-01,-1.300597190856933594e-02,4.504100680351257324e-01,4.341923892498016357e-01,-7.801331281661987305e-01,4.700182080268859863e-01,0.000000000000000000e+00,0.000000000000000000e+00,0.000000000000000000e+00,1.000000000000000000e+00
8.450804352760314941e-01,-5.107573866844177246e-01,-1.580061316490173340e-01,1.102656006813049316e+00,-5.346391797065734863e-01,-8.073315620422363281e-01,-2.497532963752746582e-01,-1.775372028350830078e-02,-1.387778780781445676e-16,2.955378890037536621e-01,-9.553310275077819824e-01,4.685521721839904785e-01,0.000000000000000000e+00,0.000000000000000000e+00,0.000000000000000000e+00,1.000000000000000000e+00
4.716672301292419434e-01,-3.285499513149261475e-01,-8.182817101478576660e-01,1.046828389167785645e+00,-1.659310162067413330e-01,-9.444844126701354980e-01,2.835772633552551270e-01,1.117408275604248047e-03,-8.660236001014709473e-01,2.024211455136537552e-03,-4.999989867210388184e-01,4.682759046554565430e-01,0.000000000000000000e+00,0.000000000000000000e+00,0.000000000000000000e+00,1.000000000000000000e+00
-4.531466960906982422e-01,3.137556612491607666e-01,8.343952894210815430e-01,9.761057496070861816e-01,2.220365703105926514e-01,9.462387561798095703e-01,-2.352274060249328613e-01,2.325981855392456055e-02,-8.633410930633544922e-01,7.867373526096343994e-02,-4.984502196311950684e-01,4.639114141464233398e-01,0.000000000000000000e+00,0.000000000000000000e+00,0.000000000000000000e+00,1.000000000000000000e+00
-5.330129265785217285e-01,8.140706419944763184e-01,-2.306214272975921631e-01,1.108310818672180176e+00,2.842811942100524902e-01,4.290271103382110596e-01,8.573913574218750000e-01,-1.127767562866210938e-02,7.969200015068054199e-01,3.914393186569213867e-01,-4.601019620895385742e-01,4.695000648498535156e-01,0.000000000000000000e+00,0.000000000000000000e+00,0.000000000000000000e+00,1.000000000000000000e+00
8.270674347877502441e-01,-3.764384686946868896e-01,4.174368083477020264e-01,1.100008606910705566e+00,-2.657904624938964844e-01,-9.162715077400207520e-01,-2.996697723865509033e-01,-1.596188545227050781e-02,4.952926933765411377e-01,1.368963867425918579e-01,-8.578720688819885254e-01,4.673660993576049805e-01,0.000000000000000000e+00,0.000000000000000000e+00,0.000000000000000000e+00,1.000000000000000000e+00
-4.072346389293670654e-01,3.039132058620452881e-01,8.612762093544006348e-01,1.044549107551574707e+00,3.612034022808074951e-01,9.197243452072143555e-01,-1.537507176399230957e-01,2.000093460083007812e-03,-8.388635516166687012e-01,2.484832704067230225e-01,-4.843181073665618896e-01,4.663481116294860840e-01,0.000000000000000000e+00,0.000000000000000000e+00,0.000000000000000000e+00,1.000000000000000000e+00
-9.705369472503662109e-01,2.399804145097732544e-01,2.162126637995243073e-02,1.087806344032287598e+00,2.409524470567703247e-01,9.666216969490051270e-01,8.708871155977249146e-02,-1.215112209320068359e-02,-1.387778780781445676e-17,8.973250538110733032e-02,-9.959658980369567871e-01,4.701709151268005371e-01,0.000000000000000000e+00,0.000000000000000000e+00,0.000000000000000000e+00,1.000000000000000000e+00
-8.235770463943481445e-01,3.641599714756011963e-01,-4.348658919334411621e-01,1.082072019577026367e+00,2.720898687839508057e-01,9.263580441474914551e-01,2.604378461837768555e-01,-1.017177104949951172e-02,4.976825714111328125e-01,9.616803377866744995e-02,-8.620114922523498535e-01,4.692566990852355957e-01,0.000000000000000000e+00,0.000000000000000000e+00,0.000000000000000000e+00,1.000000000000000000e+00
-8.373531103134155273e-01,2.625908851623535156e-01,-4.794640839099884033e-01,1.028765082359313965e+00,2.210947275161743164e-01,9.648178815841674805e-01,1.422797590494155884e-01,6.681859493255615234e-03,4.999568760395050049e-01,1.313142571598291397e-02,-8.659507632255554199e-01,4.652391672134399414e-01,0.000000000000000000e+00,0.000000000000000000e+00,0.000000000000000000e+00,1.000000000000000000e+00
7.750446200370788574e-01,-3.764384686946868896e-01,-5.075430274009704590e-01,1.100008606910705566e+00,-3.924168646335601807e-01,-9.162715077400207520e-01,8.034641295671463013e-02,-1.596188545227050781e-02,-4.952926933765411377e-01,1.368963867425918579e-01,-8.578720688819885254e-01,4.673660993576049805e-01,0.000000000000000000e+00,0.000000000000000000e+00,0.000000000000000000e+00,1.000000000000000000e+00
3.340428769588470459e-01,-3.439392149448394775e-01,-8.775655031204223633e-01,1.071593761444091797e+00,-5.075342655181884766e-01,-8.501793742179870605e-01,1.400144398212432861e-01,-6.319046020507812500e-03,-7.942445278167724609e-01,3.986237049102783203e-01,-4.585572779178619385e-01,4.690371751785278320e-01,0.000000000000000000e+00,0.000000000000000000e+00,0.000000000000000000e+00,1.000000000000000000e+00
5.477305650711059570e-01,-2.842851281166076660e-01,7.868756055831909180e-01,1.096632003784179688e+00,7.868623733520507812e-02,-9.188298583030700684e-01,-3.867301344871520996e-01,-1.393163204193115234e-02,8.329464197158813477e-01,2.737402021884918213e-01,-4.809018373489379883e-01,4.719620943069458008e-01,0.000000000000000000e+00,0.000000000000000000e+00,0.000000000000000000e+00,1.000000000000000000e+00
-8.950094580650329590e-01,4.412418305873870850e-01,6.529695540666580200e-02,1.086697459220886230e+00,4.460471272468566895e-01,8.853674530982971191e-01,1.310206651687622070e-01,-1.179707050323486328e-02,-1.526556658859590243e-16,1.463902592658996582e-01,-9.892269372940063477e-01,4.704850316047668457e-01,0.000000000000000000e+00,0.000000000000000000e+00,0.000000000000000000e+00,1.000000000000000000e+00
8.395168781280517578e-01,-3.449529707431793213e-01,4.197842776775360107e-01,1.069513201713562012e+00,-2.273298650979995728e-01,-9.247364401817321777e-01,-3.052599132061004639e-01,-6.067514419555664062e-03,4.934901297092437744e-01,1.608413457870483398e-01,-8.547499775886535645e-01,4.678402543067932129e-01,0.000000000000000000e+00,0.000000000000000000e+00,0.000000000000000000e+00,1.000000000000000000e+00
-7.833136320114135742e-01,3.039132058620452881e-01,5.422697663307189941e-01,1.044549107551574707e+00,3.896866738796234131e-01,9.197243452072143555e-01,4.744967445731163025e-02,2.000093460083007812e-03,-4.843181073665618896e-01,2.484832704067230225e-01,-8.388635516166687012e-01,4.663481116294860840e-01,0.000000000000000000e+00,0.000000000000000000e+00,0.000000000000000000e+00,1.000000000000000000e+00
-4.842279851436614990e-01,6.557118147611618042e-02,8.724813461303710938e-01,1.103548645973205566e+00,2.493448406457901001e-01,9.661785364151000977e-01,6.577364355325698853e-02,-1.558613777160644531e-02,-8.386598825454711914e-01,2.493981570005416870e-01,-4.842005074024200439e-01,4.675791859626770020e-01,0.000000000000000000e+00,0.000000000000000000e+00,0.000000000000000000e+00,1.000000000000000000e+00
4.537928700447082520e-01,-2.896935641765594482e-01,-8.427037596702575684e-01,1.034904599189758301e+00,-2.262509018182754517e-01,-9.521489739418029785e-01,2.054819166660308838e-01,4.677832126617431641e-03,-8.619063496589660645e-01,9.741626679897308350e-02,-4.976218640804290771e-01,4.635927081108093262e-01,0.000000000000000000e+00,0.000000000000000000e+00,0.000000000000000000e+00,1.000000000000000000e+00
-8.836712241172790527e-01,4.529080390930175781e-01,1.183191686868667603e-01,1.073876857757568359e+00,4.681080281734466553e-01,8.549774885177612305e-01,2.233570963144302368e-01,-7.029294967651367188e-03,-1.804112415015879378e-16,2.527604103088378906e-01,-9.675288796424865723e-01,4.663470983505249023e-01,0.000000000000000000e+00,0.000000000000000000e+00,0.000000000000000000e+00,1.000000000000000000e+00
4.854134619235992432e-01,-3.290798068046569824e-01,8.099877834320068359e-01,1.037210226058959961e+00,-1.265297979116439819e-01,-9.431464076042175293e-01,-3.073517382144927979e-01,4.053473472595214844e-03,8.650803565979003906e-01,4.670508205890655518e-02,-4.994543492794036865e-01,4.626502990722656250e-01,0.000000000000000000e+00,0.000000000000000000e+00,0.000000000000000000e+00,1.000000000000000000e+00
-8.424322009086608887e-01,5.298393368721008301e-01,9.786845743656158447e-02,1.101401090621948242e+00,5.388023257255554199e-01,8.284183144569396973e-01,1.530200242996215820e-01,-1.677370071411132812e-02,-6.938893903907228378e-17,1.816407442092895508e-01,-9.833649396896362305e-01,4.700655937194824219e-01,0.000000000000000000e+00,0.000000000000000000e+00,0.000000000000000000e+00,1.000000000000000000e+00
7.265592813491821289e-01,-3.295703232288360596e-01,-6.029055118560791016e-01,1.092926979064941406e+00,-5.188857316970825195e-01,-8.383677005767822266e-01,-1.670247167348861694e-01,-1.300597190856933594e-02,-4.504100680351257324e-01,4.341923892498016357e-01,-7.801331281661987305e-01,4.700182080268859863e-01,0.000000000000000000e+00,0.000000000000000000e+00,0.000000000000000000e+00,1.000000000000000000e+00
5.653470754623413086e-03,-2.638469636440277100e-01,-9.645479917526245117e-01,1.102887153625488281e+00,-2.066270820796489716e-02,9.643266201019287109e-01,-2.639075219631195068e-01,-2.498579025268554688e-02,9.997705221176147461e-01,2.142216637730598450e-02,-5.667227987722178294e-16,4.644736647605895996e-01,0.000000000000000000e+00,0.000000000000000000e+00,0.000000000000000000e+00,1.000000000000000000e+00
8.108642101287841797e-01,-5.107573866844177246e-01,2.857028841972351074e-01,1.102656006813049316e+00,-3.381344377994537354e-01,-8.073315620422363281e-01,-4.836122989654541016e-01,-1.775372028350830078e-02,4.776655137538909912e-01,2.955378890037536621e-01,-8.273409008979797363e-01,4.685521721839904785e-01,0.000000000000000000e+00,0.000000000000000000e+00,0.000000000000000000e+00,1.000000000000000000e+00
-3.313010558485984802e-02,1.929198056459426880e-01,-9.806550741195678711e-01,1.099914669990539551e+00,-1.659781783819198608e-01,9.665068984031677246e-01,1.957438439130783081e-01,-1.568782329559326172e-02,9.855727553367614746e-01,1.692523509263992310e-01,-1.216205904567982735e-16,4.676649570465087891e-01,0.000000000000000000e+00,0.000000000000000000e+00,0.000000000000000000e+00,1.000000000000000000e+00
-9.998267292976379395e-01,-1.816033199429512024e-02,-4.090275615453720093e-03,1.061562895774841309e+00,-1.861526258289813995e-02,9.753923416137695312e-01,2.196889221668243408e-01,-4.850029945373535156e-03,-1.760744328116459201e-16,2.197269946336746216e-01,-9.755613803863525391e-01,4.702578783035278320e-01,0.000000000000000000e+00,0.000000000000000000e+00,0.000000000000000000e+00,1.000000000000000000e+00
4.728191494941711426e-01,-3.285499513149261475e-01,8.176166415214538574e-01,1.046828389167785645e+00,-1.626196056604385376e-01,-9.444844126701354980e-01,-2.854891121387481689e-01,1.117408275604248047e-03,8.660236001014709473e-01,2.024211455136537552e-03,-4.999989867210388184e-01,4.682759046554565430e-01,0.000000000000000000e+00,0.000000000000000000e+00,0.000000000000000000e+00,1.000000000000000000e+00
9.441767334938049316e-01,-3.290798068046569824e-01,-1.538649108260869980e-02,1.037210226058959961e+00,-3.294393122196197510e-01,-9.431464076042175293e-01,-4.409785196185112000e-02,4.053473472595214844e-03,6.938893903907228378e-17,4.670508205890655518e-02,-9.989086985588073730e-01,4.626502990722656250e-01,0.000000000000000000e+00,0.000000000000000000e+00,0.000000000000000000e+00,1.000000000000000000e+00
-9.722865223884582520e-01,2.265661209821701050e-01,5.767718702554702759e-02,1.075808167457580566e+00,2.337923496961593628e-01,9.422343969345092773e-01,2.398656457662582397e-01,-8.492469787597656250e-03,-2.636779683484746784e-16,2.467026263475418091e-01,-9.690912365913391113e-01,4.699316620826721191e-01,0.000000000000000000e+00,0.000000000000000000e+00,0.000000000000000000e+00,1.000000000000000000e+00
-1.040384545922279358e-01,-3.258467018604278564e-01,-9.396807551383972168e-01,1.080104827880859375e+00,-2.858124375343322754e-01,-8.951598405838012695e-01,3.420527279376983643e-01,-9.654045104980468750e-03,-9.526212215423583984e-01,3.041591048240661621e-01,0.000000000000000000e+00,4.677559137344360352e-01,0.000000000000000000e+00,0.000000000000000000e+00,0.000000000000000000e+00,1.000000000000000000e+00
-5.313019081950187683e-02,-3.586371839046478271e-01,-9.319638013839721680e-01,1.080146908760070801e+00,-1.365749239921569824e-01,-9.219022989273071289e-01,3.625513017177581787e-01,-9.780168533325195312e-03,-9.892039299011230469e-01,1.465453058481216431e-01,0.000000000000000000e+00,4.665105342864990234e-01,0.000000000000000000e+00,0.000000000000000000e+00,0.000000000000000000e+00,1.000000000000000000e+00
-8.131862878799438477e-01,2.265661209821701050e-01,5.360931754112243652e-01,1.075808167457580566e+00,3.224029541015625000e-01,9.422343969345092773e-01,9.083357453346252441e-02,-8.492469787597656250e-03,-4.845456182956695557e-01,2.467026263475418091e-01,-8.392575979232788086e-01,4.699316620826721191e-01,0.000000000000000000e+00,0.000000000000000000e+00,0.000000000000000000e+00,1.000000000000000000e+00
8.317121267318725586e-01,-2.939006686210632324e-01,4.710385501384735107e-01,1.024208068847656250e+00,-2.417364865541458130e-01,-9.554558396339416504e-01,-1.693150699138641357e-01,8.060455322265625000e-03,4.998183250427246094e-01,2.695420384407043457e-02,-8.657107353210449219e-01,4.648387432098388672e-01,0.000000000000000000e+00,0.000000000000000000e+00,0.000000000000000000e+00,1.000000000000000000e+00
-5.443030595779418945e-01,4.529080390930175781e-01,-7.061221599578857422e-01,1.073876857757568359e+00,4.062109068036079407e-02,8.549774885177612305e-01,5.170719623565673828e-01,-7.029294967651367188e-03,8.379046320915222168e-01,2.527604103088378906e-01,-4.837644398212432861e-01,4.663470983505249023e-01,0.000000000000000000e+00,0.000000000000000000e+00,0.000000000000000000e+00,1.000000000000000000e+00
3.671214878559112549e-01,-2.627237737178802490e-01,-8.922992944717407227e-01,1.082540869712829590e+00,-5.093952417373657227e-01,-8.594342470169067383e-01,4.346508532762527466e-02,-8.751153945922851562e-03,-7.782918810844421387e-01,4.385760426521301270e-01,-4.493470489978790283e-01,4.714360237121582031e-01,0.000000000000000000e+00,0.000000000000000000e+00,0.000000000000000000e+00,1.000000000000000000e+00
7.398225069046020508e-01,-4.781599342823028564e-01,-4.733135402202606201e-01,1.016652703285217285e+00,-4.521052241325378418e-01,-8.743094801902770996e-01,1.765893548727035522e-01,9.485900402069091797e-03,-4.982604682445526123e-01,8.334275335073471069e-02,-8.630124330520629883e-01,4.666663408279418945e-01,0.000000000000000000e+00,0.000000000000000000e+00,0.000000000000000000e+00,1.000000000000000000e+00
9.993211627006530762e-01,3.678047284483909607e-02,2.105074934661388397e-03,1.018698453903198242e+00,3.684066236019134521e-02,-9.976884126663208008e-01,-5.710119754076004028e-02,1.130223274230957031e-02,2.125036258071588691e-17,5.713998526334762573e-02,-9.983661770820617676e-01,4.656461477279663086e-01,0.000000000000000000e+00,0.000000000000000000e+00,0.000000000000000000e+00,1.000000000000000000e+00
8.569366931915283203e-01,-5.688035488128662109e-02,-5.122734904289245605e-01,1.063012957572937012e+00,-1.796331405639648438e-01,-9.645363688468933105e-01,-1.933948695659637451e-01,-3.902435302734375000e-03,-4.831060171127319336e-01,2.577484548091888428e-01,-8.367641568183898926e-01,4.690482020378112793e-01,0.000000000000000000e+00,0.000000000000000000e+00,0.000000000000000000e+00,1.000000000000000000e+00
-3.818493336439132690e-02,2.076927274465560913e-01,-9.774485230445861816e-01,1.101309537887573242e+00,-1.767445355653762817e-01,9.613360762596130371e-01,2.111737728118896484e-01,-1.580095291137695312e-02,9.835157990455627441e-01,1.808223426342010498e-01,-5.445714578334193839e-16,4.677936434745788574e-01,0.000000000000000000e+00,0.000000000000000000e+00,0.000000000000000000e+00,1.000000000000000000e+00
-5.134770274162292480e-01,6.557118147611618042e-02,-8.555943965911865234e-01,1.103548645973205566e+00,-1.816340684890747070e-01,9.661785364151000977e-01,1.830521523952484131e-01,-1.558613777160644531e-02,8.386598825454711914e-01,2.493981570005416870e-01,-4.842005074024200439e-01,4.675791859626770020e-01,0.000000000000000000e+00,0.000000000000000000e+00,0.000000000000000000e+00,1.000000000000000000e+00
-8.096342086791992188e-01,3.137556612491607666e-01,4.960341453552246094e-01,9.761057496070861816e-01,3.099030256271362305e-01,9.462387561798095703e-01,-9.269463270902633667e-02,2.325981855392456055e-02,-4.984502196311950684e-01,7.867373526096343994e-02,-8.633410930633544922e-01,4.639114141464233398e-01,0.000000000000000000e+00,0.000000000000000000e+00,0.000000000000000000e+00,1.000000000000000000e+00
-7.061221599578857422e-01,4.529080390930175781e-01,5.443030595779418945e-01,1.073876857757568359e+00,5.170719623565673828e-01,8.549774885177612305e-01,-4.062109068036079407e-02,-7.029294967651367188e-03,-4.837644398212432861e-01,2.527604103088378906e-01,-8.379046320915222168e-01,4.663470983505249023e-01,0.000000000000000000e+00,0.000000000000000000e+00,0.000000000000000000e+00,1.000000000000000000e+00
2.857028841972351074e-01,-5.107573866844177246e-01,-8.108642101287841797e-01,1.102656006813049316e+00,-4.836122989654541016e-01,-8.073315620422363281e-01,3.381344377994537354e-01,-1.775372028350830078e-02,-8.273409008979797363e-01,2.955378890037536621e-01,-4.776655137538909912e-01,4.685521721839904785e-01,0.000000000000000000e+00,0.000000000000000000e+00,0.000000000000000000e+00,1.000000000000000000e+00
8.469321131706237793e-01,-2.641286849975585938e-01,4.614564776420593262e-01,1.093749523162841797e+00,-1.863466501235961914e-01,-9.602915644645690918e-01,-2.076416611671447754e-01,-1.357853412628173828e-02,4.979768693447113037e-01,8.986751735210418701e-02,-8.625212311744689941e-01,4.710851311683654785e-01,0.000000000000000000e+00,0.000000000000000000e+00,0.000000000000000000e+00,1.000000000000000000e+00
-1.534357294440269470e-02,5.010856688022613525e-02,-9.986259341239929199e-01,1.104212522506713867e+00,-2.923854887485504150e-01,9.548635482788085938e-01,5.240509286522865295e-02,-1.603841781616210938e-02,9.561774134635925293e-01,2.927878201007843018e-01,-1.192393293791602191e-16,4.694480895996093750e-01,0.000000000000000000e+00,0.000000000000000000e+00,0.000000000000000000e+00,1.000000000000000000e+00
8.922992944717407227e-01,-2.627237737178802490e-01,3.671214878559112549e-01,1.082540869712829590e+00,-4.346508532762527466e-02,-8.594342470169067383e-01,-5.093952417373657227e-01,-8.751153945922851562e-03,4.493470489978790283e-01,4.385760426521301270e-01,-7.782918810844421387e-01,4.714360237121582031e-01,0.000000000000000000e+00,0.000000000000000000e+00,0.000000000000000000e+00,1.000000000000000000e+00
4.733135402202606201e-01,-4.781599342823028564e-01,7.398225069046020508e-01,1.016652703285217285e+00,-1.765893548727035522e-01,-8.743094801902770996e-01,-4.521052241325378418e-01,9.485900402069091797e-03,8.630124330520629883e-01,8.334275335073471069e-02,-4.982604682445526123e-01,4.666663408279418945e-01,0.000000000000000000e+00,0.000000000000000000e+00,0.000000000000000000e+00,1.000000000000000000e+00
8.230990767478942871e-01,-2.641286849975585938e-01,-5.027364492416381836e-01,1.093749523162841797e+00,-2.729962766170501709e-01,-9.602915644645690918e-01,5.756010487675666809e-02,-1.357853412628173828e-02,-4.979768693447113037e-01,8.986751735210418701e-02,-8.625212311744689941e-01,4.710851311683654785e-01,0.000000000000000000e+00,0.000000000000000000e+00,0.000000000000000000e+00,1.000000000000000000e+00
-8.088778853416442871e-01,1.943178325891494751e-01,5.549388527870178223e-01,1.072339534759521484e+00,3.591659367084503174e-01,9.105525612831115723e-01,2.046798467636108398e-01,-6.342053413391113281e-03,-4.655280411243438721e-01,3.648761212825775146e-01,-8.063182234764099121e-01,4.666085839271545410e-01,0.000000000000000000e+00,0.000000000000000000e+00,0.000000000000000000e+00,1.000000000000000000e+00
8.202984929084777832e-01,-3.116078972816467285e-01,-4.795944690704345703e-01,9.473812580108642578e-01,-2.778123915195465088e-01,-9.500647187232971191e-01,1.421171128749847412e-01,3.226685523986816406e-02,-4.999306201934814453e-01,1.665884442627429962e-02,-8.659052252769470215e-01,4.625074863433837891e-01,0.000000000000000000e+00,0.000000000000000000e+00,0.000000000000000000e+00,1.000000000000000000e+00
-8.046513050794601440e-02,2.005391716957092285e-01,-9.763756394386291504e-01,1.088120579719543457e+00,-3.635883331298828125e-01,9.061528444290161133e-01,2.160800695419311523e-01,-1.190972328186035156e-02,9.280780553817749023e-01,3.723857104778289795e-01,-5.249119819463246833e-16,4.685314893722534180e-01,0.000000000000000000e+00,0.000000000000000000e+00,0.000000000000000000e+00,1.000000000000000000e+00
-4.600718021392822266e-01,4.564622044563293457e-01,-7.615616917610168457e-01,1.067766427993774414e+00,1.986303180456161499e-01,8.889032006263732910e-01,4.127919077873229980e-01,-5.656480789184570312e-03,8.653784990310668945e-01,3.864466398954391479e-02,-4.996265172958374023e-01,4.677241444587707520e-01,0.000000000000000000e+00,0.000000000000000000e+00,0.000000000000000000e+00,1.000000000000000000e+00
9.525651335716247559e-01,-2.977687716484069824e-01,-6.287642568349838257e-02,1.047440767288208008e+00,-3.043348193168640137e-01,-9.320134520530700684e-01,-1.968026161193847656e-01,1.017212867736816406e-03,-8.326672684688674053e-17,2.066027820110321045e-01,-9.784249067306518555e-01,4.674604535102844238e-01,0.000000000000000000e+00,0.000000000000000000e+00,0.000000000000000000e+00,1.000000000000000000e+00
8.792482018470764160e-01,-2.442036122083663940e-01,4.090076088905334473e-01,1.102080225944519043e+00,-6.459422409534454346e-02,-9.117924571037292480e-01,-4.055392742156982422e-01,-1.621055603027343750e-02,4.719642102718353271e-01,3.301501274108886719e-01,-8.174660205841064453e-01,4.694869518280029297e-01,0.000000000000000000e+00,0.000000000000000000e+00,0.000000000000000000e+00,1.000000000000000000e+00
-4.616360068321228027e-01,1.929198056459426880e-01,8.658372759819030762e-01,1.099914669990539551e+00,2.416132390499114990e-01,9.665068984031677246e-01,-8.653005957603454590e-02,-1.568782329559326172e-02,-8.535310626029968262e-01,1.692523509263992310e-01,-4.927863776683807373e-01,4.676649570465087891e-01,0.000000000000000000e+00,0.000000000000000000e+00,0.000000000000000000e+00,1.000000000000000000e+00
4.618997275829315186e-01,-3.020898997783660889e-01,-8.339006900787353516e-01,1.024399876594543457e+00,-1.974786967039108276e-01,-9.516351222991943359e-01,2.353565692901611328e-01,8.002340793609619141e-03,-8.646680116653442383e-01,5.596648156642913818e-02,-4.992163181304931641e-01,4.637181162834167480e-01,0.000000000000000000e+00,0.000000000000000000e+00,0.000000000000000000e+00,1.000000000000000000e+00
-1.403624415397644043e-01,5.108558535575866699e-01,-8.481301069259643555e-01,1.102734923362731934e+00,-2.247042655944824219e-01,8.178219199180603027e-01,5.297879576683044434e-01,-1.725459098815917969e-02,9.642646908760070801e-01,2.649407982826232910e-01,3.470422098634140702e-16,4.686618447303771973e-01,0.000000000000000000e+00,0.000000000000000000e+00,0.000000000000000000e+00,1.000000000000000000e+00
7.859869003295898438e-01,-5.622870922088623047e-01,2.570171356201171875e-01,1.061852812767028809e+00,-3.914782404899597168e-01,-7.744099497795104980e-01,-4.970251321792602539e-01,-2.104282379150390625e-03,4.785074591636657715e-01,2.900386154651641846e-01,-8.287992477416992188e-01,4.698961377143859863e-01,0.000000000000000000e+00,0.000000000000000000e+00,0.000000000000000000e+00,1.000000000000000000e+00
7.280723452568054199e-01,-3.439392149448394775e-01,-5.929725766181945801e-01,1.071593761444091797e+00,-5.095447897911071777e-01,-8.501793742179870605e-01,-1.325110644102096558e-01,-6.319046020507812500e-03,-4.585572779178619385e-01,3.986237049102783203e-01,-7.942445278167724609e-01,4.690371751785278320e-01,0.000000000000000000e+00,0.000000000000000000e+00,0.000000000000000000e+00,1.000000000000000000e+00
5.027364492416381836e-01,-2.641286849975585938e-01,8.230990767478942871e-01,1.093749523162841797e+00,-5.756010487675666809e-02,-9.602915644645690918e-01,-2.729962766170501709e-01,-1.357853412628173828e-02,8.625212311744689941e-01,8.986751735210418701e-02,-4.979768693447113037e-01,4.710851311683654785e-01,0.000000000000000000e+00,0.000000000000000000e+00,0.000000000000000000e+00,1.000000000000000000e+00
-8.046834468841552734e-01,5.108558535575866699e-01,-3.025076091289520264e-01,1.102734923362731934e+00,3.464577198028564453e-01,8.178219199180603027e-01,4.594935774803161621e-01,-1.725459098815917969e-02,4.821323454380035400e-01,2.649407982826232910e-01,-8.350777029991149902e-01,4.686618447303771973e-01,0.000000000000000000e+00,0.000000000000000000e+00,0.000000000000000000e+00,1.000000000000000000e+00
-5.179442763328552246e-01,-7.893584668636322021e-02,8.517645597457885742e-01,1.060948729515075684e+00,1.971901357173919678e-01,9.578981399536132812e-01,2.086797356605529785e-01,-4.012584686279296875e-03,-8.323760032653808594e-01,2.760440409183502197e-01,-4.805724918842315674e-01,4.665688276290893555e-01,0.000000000000000000e+00,0.000000000000000000e+00,0.000000000000000000e+00,1.000000000000000000e+00
-8.343952894210815430e-01,3.137556612491607666e-01,-4.531466960906982422e-01,9.761057496070861816e-01,2.352274060249328613e-01,9.462387561798095703e-01,2.220365703105926514e-01,2.325981855392456055e-02,4.984502196311950684e-01,7.867373526096343994e-02,-8.633410930633544922e-01,4.639114141464233398e-01,0.000000000000000000e+00,0.000000000000000000e+00,0.000000000000000000e+00,1.000000000000000000e+00
8.367543220520019531e-01,-2.501404881477355957e-01,-4.871056377887725830e-01,1.028290629386901855e+00,-2.233611941337585449e-01,-9.681102633476257324e-01,1.134561523795127869e-01,6.917238235473632812e-03,-4.999519288539886475e-01,1.386556960642337799e-02,-8.659421801567077637e-01,4.683542251586914062e-01,0.000000000000000000e+00,0.000000000000000000e+00,0.000000000000000000e+00,1.000000000000000000e+00
5.569474697113037109e-01,-2.442036122083663940e-01,7.938351035118103027e-01,1.102080225944519043e+00,1.468293964862823486e-01,-9.117924571037292480e-01,-3.835044205188751221e-01,-1.621055603027343750e-02,8.174660205841064453e-01,3.301501274108886719e-01,-4.719642102718353271e-01,4.694869518280029297e-01,0.000000000000000000e+00,0.000000000000000000e+00,0.000000000000000000e+00,1.000000000000000000e+00
9.553195238113403320e-01,-2.842851281166076660e-01,-8.091075718402862549e-02,1.096632003784179688e+00,-2.955749928951263428e-01,-9.188298583030700684e-01,-2.615093588829040527e-01,-1.393163204193115234e-02,-1.249000902703301108e-16,2.737402021884918213e-01,-9.618036746978759766e-01,4.719620943069458008e-01,0.000000000000000000e+00,0.000000000000000000e+00,0.000000000000000000e+00,1.000000000000000000e+00
-4.948618263006210327e-02,3.309598565101623535e-01,-9.423463940620422363e-01,1.092229843139648438e+00,-1.393534988164901733e-01,9.319856762886047363e-01,3.346390724182128906e-01,-1.314532756805419922e-02,9.890054464340209961e-01,1.478792726993560791e-01,-5.428422930111589332e-16,4.680547714233398438e-01,0.000000000000000000e+00,0.000000000000000000e+00,0.000000000000000000e+00,1.000000000000000000e+00
-5.270246863365173340e-01,2.382779419422149658e-01,-8.157625794410705566e-01,1.099482774734497070e+00,-4.607969522476196289e-02,9.504660964012145996e-01,3.073936402797698975e-01,-1.515018939971923828e-02,8.485997915267944336e-01,1.995941400527954102e-01,-4.899393320083618164e-01,4.661874175071716309e-01,0.000000000000000000e+00,0.000000000000000000e+00,0.000000000000000000e+00,1.000000000000000000e+00
-3.429542854428291321e-02,1.268615424633026123e-01,-9.913274049758911133e-01,1.101996421813964844e+00,-2.587062120437622070e-01,9.569749832153320312e-01,1.314154714345932007e-01,-1.693308353424072266e-02,9.653470516204833984e-01,2.609694898128509521e-01,-5.416490353467144376e-16,4.725800752639770508e-01,0.000000000000000000e+00,0.000000000000000000e+00,0.000000000000000000e+00,1.000000000000000000e+00
